"source","destination","SourceSampled","DestSampled","SimMonth","SimDay","SimYear","YearSampled","SimMonsoon","DailyParticles","dist_km","direction","AnnRecPart","SourcePropSamp","DestPropSamp","obs_disp"
"Sitio Baybayon","Palanas","yes","yes",10,10,2011,"2012","SWM",0,27.2919430069393,"-14.9771111468228",624,0,0.289855072463768,0
"Sitio Baybayon","Wangag","yes","yes",10,10,2011,"2012","SWM",0,26.8620654279672,"-14.2782060296302",1080,0,0.18213058419244,0
"Sitio Baybayon","Magbangon","yes","yes",10,10,2011,"2012","SWM",0,25.1134608596041,"-12.6881767623657",1221,0,0.459383753501401,0
"Sitio Baybayon","Cabatoan","yes","yes",10,10,2011,"2012","SWM",0,24.9105624661144,"-12.3533259950069",1025,0,0.423076923076923,0
"Sitio Baybayon","Caridad Cemetery","yes","yes",10,10,2011,"2012","SWM",0,22.4353813748238,"-8.05416255066788",2131,0,0,0
"Sitio Baybayon","Caridad Proper","yes","yes",10,10,2011,"2012","SWM",0,21.7509719512898,"-7.17015584520218",2998,0,0,0
"Sitio Baybayon","Hicgop South","yes","yes",10,10,2011,"2012","SWM",0,19.747308872455,"-3.83026275716895",351,0,0,0
"Sitio Baybayon","Sitio Tugas","yes","yes",10,10,2011,"2012","SWM",0,18.8737442004117,"-3.03832588550094",173,0,0,0
"Sitio Baybayon","Elementary School","yes","yes",10,10,2011,"2012","SWM",0,18.0747093449379,"-2.47504136164169",4,0,0,0
"Sitio Baybayon","Sitio Lonas","yes","yes",10,10,2011,"2012","SWM",0,15.3556606444419,"3.07818370153677",71,0,1,0
"Sitio Baybayon","San Agustin","yes","yes",10,10,2011,"2012","SWM",0,14.7598845132621,"3.4591103413323",217,0,0.888888888888889,0
"Sitio Baybayon","Poroc San Flower","yes","yes",10,10,2011,"2012","SWM",0,14.2288188911802,"4.34283015108971",28,0,1,0
"Sitio Baybayon","Poroc Rose","yes","yes",10,10,2011,"2012","SWM",0,13.2745735162831,"4.60818102920502",10,0,1,0
"Sitio Baybayon","Visca","yes","yes",10,10,2011,"2012","SWM",0,12.0358563168247,"5.76720533604285",0,0,1,0
"Sitio Baybayon","Gabas","yes","yes",10,10,2011,"2012","SWM",0,10.3497099508259,"10.9608345126726",0,0,0,0
"Sitio Baybayon","Tamakin Dacot","yes","yes",10,10,2011,"2012","SWM",0,2.00690512091702,"27.0187627133647",4,0,0,0
"Sitio Baybayon","Haina","yes","yes",10,10,2011,"2012","SWM",0,0.800707367317091,"52.5149944443821",8,0,0,0
"Sitio Baybayon","Sitio Baybayon","yes","yes",10,10,2011,"2012","SWM",0,9.49352979660034e-05,"-180",8017,0,0,0
"Haina","Palanas","yes","yes",10,10,2011,"2012","SWM",0,26.9920106136833,"-16.5519939286041",1,0,0.289855072463768,0
"Haina","Wangag","yes","yes",10,10,2011,"2012","SWM",0,26.5532626762551,"-15.8709829187507",0,0,0.18213058419244,0
"Haina","Magbangon","yes","yes",10,10,2011,"2012","SWM",0,24.7849757104057,"-14.3738666235381",9,0,0.459383753501401,0
"Haina","Cabatoan","yes","yes",10,10,2011,"2012","SWM",0,24.5778997843548,"-14.0486382022808",16,0,0.423076923076923,0
"Haina","Caridad Cemetery","yes","yes",10,10,2011,"2012","SWM",0,22.050106611415,"-9.87252019880261",1,0,0,0
"Haina","Caridad Proper","yes","yes",10,10,2011,"2012","SWM",0,21.3552337005377,"-9.03121247634307",9,0,0,0
"Haina","Hicgop South","yes","yes",10,10,2011,"2012","SWM",0,19.3126421844879,"-5.81486277745863",40,0,0,0
"Haina","Sitio Tugas","yes","yes",10,10,2011,"2012","SWM",0,18.4303145606387,"-5.09870630471612",49,0,0,0
"Haina","Elementary School","yes","yes",10,10,2011,"2012","SWM",0,17.625238506364,"-4.61500073361231",127,0,0,0
"Haina","Sitio Lonas","yes","yes",10,10,2011,"2012","SWM",0,14.8456846831604,"0.721374097563766",19,0,1,0
"Haina","San Agustin","yes","yes",10,10,2011,"2012","SWM",0,14.246286656046,"1.01708368931335",78,0,0.888888888888889,0
"Haina","Poroc San Flower","yes","yes",10,10,2011,"2012","SWM",0,13.7061846175771,"1.83878413510768",36,0,1,0
"Haina","Poroc Rose","yes","yes",10,10,2011,"2012","SWM",0,12.7500613492617,"1.9273434810471",27,0,1,0
"Haina","Visca","yes","yes",10,10,2011,"2012","SWM",0,11.500479636222,"2.84973088471574",41,0,1,0
"Haina","Gabas","yes","yes",10,10,2011,"2012","SWM",0,9.76388806466271,"7.83125570056629",20,0,0,0
"Haina","Tamakin Dacot","yes","yes",10,10,2011,"2012","SWM",0,1.32935692208799,"11.9343641005458",827,0,0,0
"Haina","Haina","yes","yes",10,10,2011,"2012","SWM",0,0,"-180",1366,0,0,0
"Haina","Sitio Baybayon","yes","yes",10,10,2011,"2012","SWM",0,0.800707367317091,"-127.483934787312",10,0,0,0
"Tamakin Dacot","Palanas","yes","yes",10,10,2011,"2012","SWM",0,25.829348683192,"-17.9576264528517",0,0,0.289855072463768,0
"Tamakin Dacot","Wangag","yes","yes",10,10,2011,"2012","SWM",0,25.3830246400065,"-17.2699609155812",0,0,0.18213058419244,0
"Tamakin Dacot","Magbangon","yes","yes",10,10,2011,"2012","SWM",0,23.5988979639063,"-15.8036951405526",1,0,0.459383753501401,0
"Tamakin Dacot","Cabatoan","yes","yes",10,10,2011,"2012","SWM",0,23.3884325137891,"-15.4747722623127",1,0,0.423076923076923,0
"Tamakin Dacot","Caridad Cemetery","yes","yes",10,10,2011,"2012","SWM",0,20.820481733943,"-11.2311791119859",3,0,0,0
"Tamakin Dacot","Caridad Proper","yes","yes",10,10,2011,"2012","SWM",0,20.1183459764472,"-10.3855837140604",5,0,0,0
"Tamakin Dacot","Hicgop South","yes","yes",10,10,2011,"2012","SWM",0,18.0502649349819,"-7.10110507259614",11,0,0,0
"Tamakin Dacot","Sitio Tugas","yes","yes",10,10,2011,"2012","SWM",0,17.1629023372764,"-6.39855384654813",4,0,0,0
"Tamakin Dacot","Elementary School","yes","yes",10,10,2011,"2012","SWM",0,16.3545910610978,"-5.94148374908454",0,0,0,0
"Tamakin Dacot","Sitio Lonas","yes","yes",10,10,2011,"2012","SWM",0,13.5438241042835,"-0.372093611451793",20,0,1,0
"Tamakin Dacot","San Agustin","yes","yes",10,10,2011,"2012","SWM",0,12.9431079071849,"-0.0973419417561925",10,0,0.888888888888889,0
"Tamakin Dacot","Poroc San Flower","yes","yes",10,10,2011,"2012","SWM",0,12.3993174604494,"0.762116268366744",3,0,1,0
"Tamakin Dacot","Poroc Rose","yes","yes",10,10,2011,"2012","SWM",0,11.4429803725633,"0.77077798834675",10,0,1,0
"Tamakin Dacot","Visca","yes","yes",10,10,2011,"2012","SWM",0,10.1897266320616,"1.66956914752478",220,0,1,0
"Tamakin Dacot","Gabas","yes","yes",10,10,2011,"2012","SWM",0,8.43842668542606,"7.18575781369135",42,0,0,0
"Tamakin Dacot","Tamakin Dacot","yes","yes",10,10,2011,"2012","SWM",0,9.49352979660034e-05,"-180",31582,0,0,0
"Tamakin Dacot","Haina","yes","yes",10,10,2011,"2012","SWM",0,1.32935692208799,"-168.065174016184",6920,0,0,0
"Tamakin Dacot","Sitio Baybayon","yes","yes",10,10,2011,"2012","SWM",0,2.00690512091702,"-152.979704147382",1,0,0,0
"Gabas","Palanas","yes","yes",10,10,2011,"2012","SWM",0,18.5270048321881,"-29.0979443230389",8,0,0.289855072463768,0
"Gabas","Wangag","yes","yes",10,10,2011,"2012","SWM",0,18.0301766971931,"-28.424617748148",5,0,0.18213058419244,0
"Gabas","Magbangon","yes","yes",10,10,2011,"2012","SWM",0,16.1581187484931,"-27.5555684504161",73,0,0.459383753501401,0
"Gabas","Cabatoan","yes","yes",10,10,2011,"2012","SWM",0,15.9248209877409,"-27.2377699285666",48,0,0.423076923076923,0
"Gabas","Caridad Cemetery","yes","yes",10,10,2011,"2012","SWM",0,13.0800106975381,"-22.979120666496",35,0,0,0
"Gabas","Caridad Proper","yes","yes",10,10,2011,"2012","SWM",0,12.3313979398098,"-22.2960947839788",95,0,0,0
"Gabas","Hicgop South","yes","yes",10,10,2011,"2012","SWM",0,10.0841152266487,"-19.0097312733529",654,0,0,0
"Gabas","Sitio Tugas","yes","yes",10,10,2011,"2012","SWM",1,9.17150421430282,"-18.8696247638834",912,0,0,0
"Gabas","Elementary School","yes","yes",10,10,2011,"2012","SWM",0,8.35384165537914,"-19.1941424943148",961,0,0,0
"Gabas","Sitio Lonas","yes","yes",10,10,2011,"2012","SWM",2,5.29391347715393,"-12.4697922434678",3555,0,1,0
"Gabas","San Agustin","yes","yes",10,10,2011,"2012","SWM",0,4.69383486209879,"-13.2661627108708",2136,0,0.888888888888889,0
"Gabas","Poroc San Flower","yes","yes",10,10,2011,"2012","SWM",0,4.12137215375566,"-12.4756707689297",448,0,1,0
"Gabas","Poroc Rose","yes","yes",10,10,2011,"2012","SWM",0,3.19705081559734,"-16.3717262227435",172,0,1,0
"Gabas","Visca","yes","yes",10,10,2011,"2012","SWM",0,1.9629852193109,"-22.7139735529679",2843,0,1,0
"Gabas","Gabas","yes","yes",10,10,2011,"2012","SWM",0,0,"-180",6253,0,0,0
"Gabas","Tamakin Dacot","yes","yes",10,10,2011,"2012","SWM",0,8.43842668542606,"-172.812461391661",25,0,0,0
"Gabas","Haina","yes","yes",10,10,2011,"2012","SWM",0,9.76388806466271,"-172.166500970015",38,0,0,0
"Gabas","Sitio Baybayon","yes","yes",10,10,2011,"2012","SWM",0,10.3497099508259,"-169.035847518264",102,0,0,0
"Visca","Palanas","yes","yes",10,10,2011,"2012","SWM",0,16.5775204258635,"-29.853143900554",3,1,0.289855072463768,0
"Visca","Wangag","yes","yes",10,10,2011,"2012","SWM",0,16.078031642585,"-29.1215862553425",1,1,0.18213058419244,0
"Visca","Magbangon","yes","yes",10,10,2011,"2012","SWM",0,14.2030383569093,"-28.2248981993407",28,1,0.459383753501401,0
"Visca","Cabatoan","yes","yes",10,10,2011,"2012","SWM",0,13.9687512766746,"-27.8738343755134",33,1,0.423076923076923,0
"Visca","Caridad Cemetery","yes","yes",10,10,2011,"2012","SWM",0,11.1170499867974,"-23.0272226312018",19,1,0,0
"Visca","Caridad Proper","yes","yes",10,10,2011,"2012","SWM",0,10.3684742357159,"-22.2182642056389",198,1,0,0
"Visca","Hicgop South","yes","yes",10,10,2011,"2012","SWM",0,8.12617156228781,"-18.1164949652749",162,1,0,0
"Visca","Sitio Tugas","yes","yes",10,10,2011,"2012","SWM",0,7.21408228716616,"-17.8252011665884",344,1,0,0
"Visca","Elementary School","yes","yes",10,10,2011,"2012","SWM",0,6.39564840604425,"-18.1153563365386",507,1,0,0
"Visca","Sitio Lonas","yes","yes",10,10,2011,"2012","SWM",0,3.3797826959065,"-6.5370928910224",2608,1,1,0
"Visca","San Agustin","yes","yes",10,10,2011,"2012","SWM",0,2.77577160643729,"-6.59543928201651",1615,1,0.888888888888889,0
"Visca","Poroc San Flower","yes","yes",10,10,2011,"2012","SWM",0,2.21665869501555,"-3.41226826505345",736,1,1,0
"Visca","Poroc Rose","yes","yes",10,10,2011,"2012","SWM",0,1.26450294037349,"-6.48997735273416",388,1,1,0
"Visca","Visca","yes","yes",10,10,2011,"2012","SWM",0,0,"-180",115,1,1,0
"Visca","Gabas","yes","yes",10,10,2011,"2012","SWM",0,1.9629852193109,"157.284741081691",3,1,0,0
"Visca","Tamakin Dacot","yes","yes",10,10,2011,"2012","SWM",0,10.1897266320616,"-178.32992962654",50,1,0,0
"Visca","Haina","yes","yes",10,10,2011,"2012","SWM",0,11.500479636222,"-177.149304312882",33,1,0,0
"Visca","Sitio Baybayon","yes","yes",10,10,2011,"2012","SWM",0,12.0358563168247,"-174.23075415076",32,1,0,0
"Poroc Rose","Palanas","yes","yes",10,10,2011,"2012","SWM",0,15.4237354462504,"-31.7133062590667",6,1,0.289855072463768,0
"Poroc Rose","Wangag","yes","yes",10,10,2011,"2012","SWM",0,14.9177755744702,"-30.9879748518069",13,1,0.18213058419244,0
"Poroc Rose","Magbangon","yes","yes",10,10,2011,"2012","SWM",0,13.0358421206636,"-30.2804939143805",7,1,0.459383753501401,0
"Poroc Rose","Cabatoan","yes","yes",10,10,2011,"2012","SWM",0,12.7986271025087,"-29.9353824020529",63,1,0.423076923076923,0
"Poroc Rose","Caridad Cemetery","yes","yes",10,10,2011,"2012","SWM",0,9.9107454183565,"-25.1064675366876",180,1,0,0
"Poroc Rose","Caridad Proper","yes","yes",10,10,2011,"2012","SWM",0,9.15713870255119,"-24.3615559725165",418,1,0,0
"Poroc Rose","Hicgop South","yes","yes",10,10,2011,"2012","SWM",0,6.89197129622291,"-20.2343181475835",179,1,0,0
"Poroc Rose","Sitio Tugas","yes","yes",10,10,2011,"2012","SWM",0,5.97906582562741,"-20.2061485368591",440,1,0,0
"Poroc Rose","Elementary School","yes","yes",10,10,2011,"2012","SWM",0,5.1630036993143,"-20.9423908985746",419,1,0,0
"Poroc Rose","Sitio Lonas","yes","yes",10,10,2011,"2012","SWM",0,2.11528043332987,"-6.56550069165364",2011,1,1,0
"Poroc Rose","San Agustin","yes","yes",10,10,2011,"2012","SWM",0,1.51127255483946,"-6.68392270746226",811,1,0.888888888888889,0
"Poroc Rose","Poroc San Flower","yes","yes",10,10,2011,"2012","SWM",0,0.956338767353715,"0.658735665143941",506,1,1,0
"Poroc Rose","Poroc Rose","yes","yes",10,10,2011,"2012","SWM",0,0.000134258785931453,"-180",273,1,1,0
"Poroc Rose","Visca","yes","yes",10,10,2011,"2012","SWM",0,1.26450294037349,"173.509780169362",99,1,1,0
"Poroc Rose","Gabas","yes","yes",10,10,2011,"2012","SWM",0,3.19705081559734,"163.626745447155",1,1,0,0
"Poroc Rose","Tamakin Dacot","yes","yes",10,10,2011,"2012","SWM",0,11.4429803725633,"-179.228961981048",32,1,0,0
"Poroc Rose","Haina","yes","yes",10,10,2011,"2012","SWM",0,12.7500613492617,"-178.071932539181",36,1,0,0
"Poroc Rose","Sitio Baybayon","yes","yes",10,10,2011,"2012","SWM",0,13.2745735162831,"-175.390018669064",75,1,0,0
"Poroc San Flower","Palanas","yes","yes",10,10,2011,"2012","SWM",0,14.623388790225,"-33.7159112823071",7,1,0.289855072463768,0
"Poroc San Flower","Wangag","yes","yes",10,10,2011,"2012","SWM",0,14.1110169804677,"-33.0218462469133",16,1,0.18213058419244,0
"Poroc San Flower","Magbangon","yes","yes",10,10,2011,"2012","SWM",0,12.2239561425182,"-32.5813700584751",16,1,0.459383753501401,0
"Poroc San Flower","Cabatoan","yes","yes",10,10,2011,"2012","SWM",0,11.9838137599975,"-32.2588284171385",17,1,0.423076923076923,0
"Poroc San Flower","Caridad Cemetery","yes","yes",10,10,2011,"2012","SWM",0,9.05786494633732,"-27.7332478225088",72,1,0,0
"Poroc San Flower","Caridad Proper","yes","yes",10,10,2011,"2012","SWM",0,8.29929043854204,"-27.1512447734224",278,1,0,0
"Poroc San Flower","Hicgop South","yes","yes",10,10,2011,"2012","SWM",0,6.00735397943935,"-23.4855496224852",289,1,0,0
"Poroc San Flower","Sitio Tugas","yes","yes",10,10,2011,"2012","SWM",0,5.09597019923732,"-24.0345307427683",615,1,0,0
"Poroc San Flower","Elementary School","yes","yes",10,10,2011,"2012","SWM",1,4.28736209804195,"-25.6469826905835",508,1,0,0
"Poroc San Flower","Sitio Lonas","yes","yes",10,10,2011,"2012","SWM",5,1.17254142021535,"-12.4506400792088",3255,1,1,0
"Poroc San Flower","San Agustin","yes","yes",10,10,2011,"2012","SWM",5,0.575632693433525,"-18.9342857050723",1768,1,0.888888888888889,0
"Poroc San Flower","Poroc San Flower","yes","yes",10,10,2011,"2012","SWM",3,0,"-180",788,1,1,0
"Poroc San Flower","Poroc Rose","yes","yes",10,10,2011,"2012","SWM",0,0.956338767353715,"-179.341245665649",594,1,1,0
"Poroc San Flower","Visca","yes","yes",10,10,2011,"2012","SWM",0,2.21665869501555,"176.587507820709",163,1,1,0
"Poroc San Flower","Gabas","yes","yes",10,10,2011,"2012","SWM",0,4.12137215375566,"167.522818941867",0,1,0,0
"Poroc San Flower","Tamakin Dacot","yes","yes",10,10,2011,"2012","SWM",0,12.3993174604494,"-179.237605016779",29,1,0,0
"Poroc San Flower","Haina","yes","yes",10,10,2011,"2012","SWM",0,13.7061846175771,"-178.160473026502",46,1,0,0
"Poroc San Flower","Sitio Baybayon","yes","yes",10,10,2011,"2012","SWM",0,14.2288188911802,"-175.655350264522",35,1,0,0
"San Agustin","Palanas","yes","yes",10,10,2011,"2012","SWM",0,14.0674201434004,"-34.3135864464934",9,0.888888888888889,0.289855072463768,0
"San Agustin","Wangag","yes","yes",10,10,2011,"2012","SWM",0,13.5532790749203,"-33.6137165684789",15,0.888888888888889,0.18213058419244,0
"San Agustin","Magbangon","yes","yes",10,10,2011,"2012","SWM",0,11.6652303956557,"-33.2479387672599",86,0.888888888888889,0.459383753501401,0
"San Agustin","Cabatoan","yes","yes",10,10,2011,"2012","SWM",0,11.4243171337323,"-32.9236850697798",114,0.888888888888889,0.423076923076923,0
"San Agustin","Caridad Cemetery","yes","yes",10,10,2011,"2012","SWM",0,8.48939965705146,"-28.3273951684636",64,0.888888888888889,0,0
"San Agustin","Caridad Proper","yes","yes",10,10,2011,"2012","SWM",0,7.72994839109529,"-27.7609368294497",426,0.888888888888889,0,0
"San Agustin","Hicgop South","yes","yes",10,10,2011,"2012","SWM",0,5.43370927160229,"-23.967328303388",378,0.888888888888889,0,0
"San Agustin","Sitio Tugas","yes","yes",10,10,2011,"2012","SWM",0,4.52288186298911,"-24.6828296761555",562,0.888888888888889,0,0
"San Agustin","Elementary School","yes","yes",10,10,2011,"2012","SWM",0,3.71624288089285,"-26.6841061478308",655,0.888888888888889,0,0
"San Agustin","Sitio Lonas","yes","yes",10,10,2011,"2012","SWM",0,0.604019027624227,"-6.26950024707165",4072,0.888888888888889,1,0
"San Agustin","San Agustin","yes","yes",10,10,2011,"2012","SWM",0,0,"-180",2159,0.888888888888889,0.888888888888889,0
"San Agustin","Poroc San Flower","yes","yes",10,10,2011,"2012","SWM",0,0.575632693433525,"161.065396721649",993,0.888888888888889,1,0
"San Agustin","Poroc Rose","yes","yes",10,10,2011,"2012","SWM",0,1.51127255483946,"173.315778518004",1006,0.888888888888889,1,0
"San Agustin","Visca","yes","yes",10,10,2011,"2012","SWM",0,2.77577160643729,"173.404019470076",61,0.888888888888889,1,0
"San Agustin","Gabas","yes","yes",10,10,2011,"2012","SWM",0,4.69383486209879,"166.732009613917",0,0.888888888888889,0,0
"San Agustin","Tamakin Dacot","yes","yes",10,10,2011,"2012","SWM",0,12.9431079071849,"179.902620887858",7,0.888888888888889,0,0
"San Agustin","Haina","yes","yes",10,10,2011,"2012","SWM",0,14.246286656046,"-178.982489081954",5,0.888888888888889,0,0
"San Agustin","Sitio Baybayon","yes","yes",10,10,2011,"2012","SWM",0,14.7598845132621,"-176.53938537606",68,0.888888888888889,0,0
"Sitio Lonas","Palanas","yes","yes",10,10,2011,"2012","SWM",0,13.5366192341433,"-35.5132453862819",28,1,0.289855072463768,0
"Sitio Lonas","Wangag","yes","yes",10,10,2011,"2012","SWM",0,13.0190499073661,"-34.832462417292",18,1,0.18213058419244,0
"Sitio Lonas","Magbangon","yes","yes",10,10,2011,"2012","SWM",0,11.1296663262947,"-34.6559966311117",163,1,0.459383753501401,0
"Sitio Lonas","Cabatoan","yes","yes",10,10,2011,"2012","SWM",0,10.8872204466828,"-34.3471217484341",207,1,0.423076923076923,0
"Sitio Lonas","Caridad Cemetery","yes","yes",10,10,2011,"2012","SWM",0,7.93235105602247,"-29.9636591848824",202,1,0,0
"Sitio Lonas","Caridad Proper","yes","yes",10,10,2011,"2012","SWM",0,7.17087278024704,"-29.5268119982012",860,1,0,0
"Sitio Lonas","Hicgop South","yes","yes",10,10,2011,"2012","SWM",0,4.86139751953595,"-26.1295307734067",2869,1,0,0
"Sitio Lonas","Sitio Tugas","yes","yes",10,10,2011,"2012","SWM",0,3.95401082044188,"-27.4451057808854",1270,1,0,0
"Sitio Lonas","Elementary School","yes","yes",10,10,2011,"2012","SWM",0,3.15672946924723,"-30.505058506644",218,1,0,0
"Sitio Lonas","Sitio Lonas","yes","yes",10,10,2011,"2012","SWM",0,0,"-180",8805,1,1,0
"Sitio Lonas","San Agustin","yes","yes",10,10,2011,"2012","SWM",0,0.604019027624227,"173.730387615261",278,1,0.888888888888889,0
"Sitio Lonas","Poroc San Flower","yes","yes",10,10,2011,"2012","SWM",0,1.17254142021535,"167.548930156348",18,1,1,0
"Sitio Lonas","Poroc Rose","yes","yes",10,10,2011,"2012","SWM",0,2.11528043332987,"173.434088391511",6,1,1,0
"Sitio Lonas","Visca","yes","yes",10,10,2011,"2012","SWM",0,3.3797826959065,"173.462253716703",9,1,1,0
"Sitio Lonas","Gabas","yes","yes",10,10,2011,"2012","SWM",0,5.29391347715393,"167.528267701314",0,1,0,0
"Sitio Lonas","Tamakin Dacot","yes","yes",10,10,2011,"2012","SWM",0,13.5438241042835,"179.627757669958",0,1,0,0
"Sitio Lonas","Haina","yes","yes",10,10,2011,"2012","SWM",0,14.8456846831604,"-179.278310045944",0,1,0,0
"Sitio Lonas","Sitio Baybayon","yes","yes",10,10,2011,"2012","SWM",0,15.3556606444419,"-176.92042309684",191,1,0,0
"Elementary School","Palanas","yes","yes",10,10,2011,"2012","SWM",0,10.3955120225186,"-37.033981123292",31,0,0.289855072463768,0
"Elementary School","Wangag","yes","yes",10,10,2011,"2012","SWM",0,9.87412896656161,"-36.2166495438823",31,0,0.18213058419244,0
"Elementary School","Magbangon","yes","yes",10,10,2011,"2012","SWM",0,7.98442483925902,"-36.2976474838469",246,0,0.459383753501401,0
"Elementary School","Cabatoan","yes","yes",10,10,2011,"2012","SWM",0,7.74042122042586,"-35.9148809513492",185,0,0.423076923076923,0
"Elementary School","Caridad Cemetery","yes","yes",10,10,2011,"2012","SWM",0,4.77585415072936,"-29.6085115406954",360,0,0,0
"Elementary School","Caridad Proper","yes","yes",10,10,2011,"2012","SWM",0,4.01495979265945,"-28.7602917195455",769,0,0,0
"Elementary School","Hicgop South","yes","yes",10,10,2011,"2012","SWM",1,1.73052315940533,"-18.1240858579954",1536,0,0,0
"Elementary School","Sitio Tugas","yes","yes",10,10,2011,"2012","SWM",0,0.819148876610196,"-15.5622090669565",652,0,0,0
"Elementary School","Elementary School","yes","yes",10,10,2011,"2012","SWM",0,0,"-180",524,0,0,0
"Elementary School","Sitio Lonas","yes","yes",10,10,2011,"2012","SWM",0,3.15672946924723,"149.492209067726",252,0,1,0
"Elementary School","San Agustin","yes","yes",10,10,2011,"2012","SWM",0,3.71624288089285,"153.313049838672",176,0,0.888888888888889,0
"Elementary School","Poroc San Flower","yes","yes",10,10,2011,"2012","SWM",0,4.28736209804195,"154.349855925314",70,0,1,0
"Elementary School","Poroc Rose","yes","yes",10,10,2011,"2012","SWM",0,5.1630036993143,"159.054467662235",42,0,1,0
"Elementary School","Visca","yes","yes",10,10,2011,"2012","SWM",0,6.39564840604425,"161.881260889963",0,0,1,0
"Elementary School","Gabas","yes","yes",10,10,2011,"2012","SWM",0,8.35384165537914,"160.801188659698",0,0,0,0
"Elementary School","Tamakin Dacot","yes","yes",10,10,2011,"2012","SWM",0,16.3545910610978,"174.0556501822",0,0,0,0
"Elementary School","Haina","yes","yes",10,10,2011,"2012","SWM",0,17.625238506364,"175.382599762361",5,0,0,0
"Elementary School","Sitio Baybayon","yes","yes",10,10,2011,"2012","SWM",0,18.0747093449379,"177.5236382489",193,0,0,0
"Sitio Tugas","Palanas","yes","yes",10,10,2011,"2012","SWM",0,9.63741335627491,"-38.8135573399164",30,0,0.289855072463768,0
"Sitio Tugas","Wangag","yes","yes",10,10,2011,"2012","SWM",0,9.11177076508712,"-38.0305957776095",66,0,0.18213058419244,0
"Sitio Tugas","Magbangon","yes","yes",10,10,2011,"2012","SWM",0,7.22370627990875,"-38.5942753117353",112,0,0.459383753501401,0
"Sitio Tugas","Cabatoan","yes","yes",10,10,2011,"2012","SWM",0,6.97778704506868,"-38.2505442256343",212,0,0.423076923076923,0
"Sitio Tugas","Caridad Cemetery","yes","yes",10,10,2011,"2012","SWM",0,3.98589537085982,"-32.4639332406516",249,0,0,0
"Sitio Tugas","Caridad Proper","yes","yes",10,10,2011,"2012","SWM",0,3.22263263749314,"-32.0831992391972",431,0,0,0
"Sitio Tugas","Hicgop South","yes","yes",10,10,2011,"2012","SWM",0,0.912910872621498,"-20.4223272699936",27,0,0,0
"Sitio Tugas","Sitio Tugas","yes","yes",10,10,2011,"2012","SWM",0,9.49352979660034e-05,"-180",90,0,0,0
"Sitio Tugas","Elementary School","yes","yes",10,10,2011,"2012","SWM",0,0.819148876610196,"164.437416086408",32,0,0,0
"Sitio Tugas","Sitio Lonas","yes","yes",10,10,2011,"2012","SWM",0,3.95401082044188,"152.551786478208",211,0,1,0
"Sitio Tugas","San Agustin","yes","yes",10,10,2011,"2012","SWM",0,4.52288186298911,"155.31395105111",121,0,0.888888888888889,0
"Sitio Tugas","Poroc San Flower","yes","yes",10,10,2011,"2012","SWM",0,5.09597019923732,"155.961932594402",43,0,1,0
"Sitio Tugas","Poroc Rose","yes","yes",10,10,2011,"2012","SWM",0,5.97906582562741,"159.790334898718",29,0,1,0
"Sitio Tugas","Visca","yes","yes",10,10,2011,"2012","SWM",0,7.21408228716616,"162.171041049232",0,0,1,0
"Sitio Tugas","Gabas","yes","yes",10,10,2011,"2012","SWM",0,9.17150421430282,"161.125331238776",0,0,0,0
"Sitio Tugas","Tamakin Dacot","yes","yes",10,10,2011,"2012","SWM",0,17.1629023372764,"173.598206808502",0,0,0,0
"Sitio Tugas","Haina","yes","yes",10,10,2011,"2012","SWM",0,18.4303145606387,"174.898521267806",0,0,0,0
"Sitio Tugas","Sitio Baybayon","yes","yes",10,10,2011,"2012","SWM",0,18.8737442004117,"176.959981230204",561,0,0,0
"Hicgop South","Palanas","yes","yes",10,10,2011,"2012","SWM",0,8.77552677067879,"-40.6912884071406",90,0,0.289855072463768,0
"Hicgop South","Wangag","yes","yes",10,10,2011,"2012","SWM",0,8.24594483032354,"-39.9467676463533",140,0,0.18213058419244,0
"Hicgop South","Magbangon","yes","yes",10,10,2011,"2012","SWM",0,6.36236340664461,"-41.1544400981219",337,0,0.459383753501401,0
"Hicgop South","Cabatoan","yes","yes",10,10,2011,"2012","SWM",0,6.11477685668207,"-40.8657463480674",554,0,0.423076923076923,0
"Hicgop South","Caridad Cemetery","yes","yes",10,10,2011,"2012","SWM",0,3.09873007253886,"-35.9831021431107",862,0,0,0
"Hicgop South","Caridad Proper","yes","yes",10,10,2011,"2012","SWM",0,2.33565955110038,"-36.6079515714171",1587,0,0,0
"Hicgop South","Hicgop South","yes","yes",10,10,2011,"2012","SWM",0,0,"-180",1208,0,0,0
"Hicgop South","Sitio Tugas","yes","yes",10,10,2011,"2012","SWM",0,0.912910872621498,"159.577128834478",513,0,0,0
"Hicgop South","Elementary School","yes","yes",10,10,2011,"2012","SWM",0,1.73052315940533,"161.874995444321",531,0,0,0
"Hicgop South","Sitio Lonas","yes","yes",10,10,2011,"2012","SWM",0,4.86139751953595,"153.866817279878",677,0,1,0
"Hicgop South","San Agustin","yes","yes",10,10,2011,"2012","SWM",0,5.43370927160229,"156.028908312674",484,0,0.888888888888889,0
"Hicgop South","Poroc San Flower","yes","yes",10,10,2011,"2012","SWM",0,6.00735397943935,"156.510369613042",353,0,1,0
"Hicgop South","Poroc Rose","yes","yes",10,10,2011,"2012","SWM",0,6.89197129622291,"159.761621406695",174,0,1,0
"Hicgop South","Visca","yes","yes",10,10,2011,"2012","SWM",0,8.12617156228781,"161.879203564268",4,0,1,0
"Hicgop South","Gabas","yes","yes",10,10,2011,"2012","SWM",0,10.0841152266487,"160.984680992583",4,0,0,0
"Hicgop South","Tamakin Dacot","yes","yes",10,10,2011,"2012","SWM",0,18.0502649349819,"172.895114351061",12,0,0,0
"Hicgop South","Haina","yes","yes",10,10,2011,"2012","SWM",0,19.3126421844879,"174.181824019566",19,0,0,0
"Hicgop South","Sitio Baybayon","yes","yes",10,10,2011,"2012","SWM",0,19.747308872455,"176.167504075443",615,0,0,0
"Caridad Proper","Palanas","yes","yes",10,10,2011,"2012","SWM",0,6.44791835925525,"-42.1707984423407",35,0,0.289855072463768,0
"Caridad Proper","Wangag","yes","yes",10,10,2011,"2012","SWM",0,5.91579724335279,"-41.2660653129107",53,0,0.18213058419244,0
"Caridad Proper","Magbangon","yes","yes",10,10,2011,"2012","SWM",0,4.03826759766962,"-43.7824931806984",291,0,0.459383753501401,0
"Caridad Proper","Cabatoan","yes","yes",10,10,2011,"2012","SWM",0,3.78950368118107,"-43.4889148239369",404,0,0.423076923076923,0
"Caridad Proper","Caridad Cemetery","yes","yes",10,10,2011,"2012","SWM",0,0.763632138458259,"-34.0734787702811",563,0,0,0
"Caridad Proper","Caridad Proper","yes","yes",10,10,2011,"2012","SWM",0,9.49352979660034e-05,"-180",784,0,0,0
"Caridad Proper","Hicgop South","yes","yes",10,10,2011,"2012","SWM",0,2.33565955110038,"143.389663863296",77,0,0,0
"Caridad Proper","Sitio Tugas","yes","yes",10,10,2011,"2012","SWM",0,3.22263263749314,"147.913872718048",71,0,0,0
"Caridad Proper","Elementary School","yes","yes",10,10,2011,"2012","SWM",0,4.01495979265945,"151.236405918655",11,0,0,0
"Caridad Proper","Sitio Lonas","yes","yes",10,10,2011,"2012","SWM",0,7.17087278024704,"150.467152942488",307,0,1,0
"Caridad Proper","San Agustin","yes","yes",10,10,2011,"2012","SWM",0,7.72994839109529,"152.232917174843",325,0,0.888888888888889,0
"Caridad Proper","Poroc San Flower","yes","yes",10,10,2011,"2012","SWM",0,8.29929043854204,"152.842292137352",92,0,1,0
"Caridad Proper","Poroc Rose","yes","yes",10,10,2011,"2012","SWM",0,9.15713870255119,"155.632002207554",19,0,1,0
"Caridad Proper","Visca","yes","yes",10,10,2011,"2012","SWM",0,10.3684742357159,"157.775053991255",0,0,1,0
"Caridad Proper","Gabas","yes","yes",10,10,2011,"2012","SWM",0,12.3313979398098,"157.695937923541",0,0,0,0
"Caridad Proper","Tamakin Dacot","yes","yes",10,10,2011,"2012","SWM",0,20.1183459764472,"169.608265738347",0,0,0,0
"Caridad Proper","Haina","yes","yes",10,10,2011,"2012","SWM",0,21.3552337005377,"170.963105985298",0,0,0,0
"Caridad Proper","Sitio Baybayon","yes","yes",10,10,2011,"2012","SWM",0,21.7509719512898,"172.825243971682",442,0,0,0
"Caridad Cemetery","Palanas","yes","yes",10,10,2011,"2012","SWM",0,5.6928889753735,"-43.2530495724859",57,0,0.289855072463768,0
"Caridad Cemetery","Wangag","yes","yes",10,10,2011,"2012","SWM",0,5.15903752298336,"-42.3277397200538",69,0,0.18213058419244,0
"Caridad Cemetery","Magbangon","yes","yes",10,10,2011,"2012","SWM",0,3.28805912992589,"-46.0249196157901",354,0,0.459383753501401,0
"Caridad Cemetery","Cabatoan","yes","yes",10,10,2011,"2012","SWM",0,3.03869204915848,"-45.8427388460445",310,0,0.423076923076923,0
"Caridad Cemetery","Caridad Cemetery","yes","yes",10,10,2011,"2012","SWM",0,9.49352979660034e-05,"-180",1761,0,0,0
"Caridad Cemetery","Caridad Proper","yes","yes",10,10,2011,"2012","SWM",0,0.763632138458259,"145.925788206176",1132,0,0,0
"Caridad Cemetery","Hicgop South","yes","yes",10,10,2011,"2012","SWM",0,3.09873007253886,"144.013780212461",84,0,0,0
"Caridad Cemetery","Sitio Tugas","yes","yes",10,10,2011,"2012","SWM",0,3.98589537085982,"147.532405753125",54,0,0,0
"Caridad Cemetery","Elementary School","yes","yes",10,10,2011,"2012","SWM",0,4.77585415072936,"150.387453273624",44,0,0,0
"Caridad Cemetery","Sitio Lonas","yes","yes",10,10,2011,"2012","SWM",0,7.93235105602247,"150.029573037347",166,0,1,0
"Caridad Cemetery","San Agustin","yes","yes",10,10,2011,"2012","SWM",0,8.48939965705146,"151.665726268525",199,0,0.888888888888889,0
"Caridad Cemetery","Poroc San Flower","yes","yes",10,10,2011,"2012","SWM",0,9.05786494633732,"152.259556601648",32,0,1,0
"Caridad Cemetery","Poroc Rose","yes","yes",10,10,2011,"2012","SWM",0,9.9107454183565,"154.886358449077",10,0,1,0
"Caridad Cemetery","Visca","yes","yes",10,10,2011,"2012","SWM",0,11.1170499867974,"156.965363685512",0,0,1,0
"Caridad Cemetery","Gabas","yes","yes",10,10,2011,"2012","SWM",0,13.0800106975381,"157.012180368359",0,0,0,0
"Caridad Cemetery","Tamakin Dacot","yes","yes",10,10,2011,"2012","SWM",0,20.820481733943,"168.761941653628",0,0,0,0
"Caridad Cemetery","Haina","yes","yes",10,10,2011,"2012","SWM",0,22.050106611415,"170.121070089305",0,0,0,0
"Caridad Cemetery","Sitio Baybayon","yes","yes",10,10,2011,"2012","SWM",0,22.4353813748238,"171.940509523306",357,0,0,0
"Cabatoan","Palanas","yes","yes",10,10,2011,"2012","SWM",0,2.66084320590822,"-40.2972072002161",66,0.423076923076923,0.289855072463768,0
"Cabatoan","Wangag","yes","yes",10,10,2011,"2012","SWM",0,2.13420254257553,"-37.3187875086943",126,0.423076923076923,0.18213058419244,0
"Cabatoan","Magbangon","yes","yes",10,10,2011,"2012","SWM",0,0.249569604975458,"-48.2467959258639",429,0.423076923076923,0.459383753501401,0
"Cabatoan","Cabatoan","yes","yes",10,10,2011,"2012","SWM",0,0,"-180",454,0.423076923076923,0.423076923076923,0
"Cabatoan","Caridad Cemetery","yes","yes",10,10,2011,"2012","SWM",0,3.03869204915848,"134.153516624325",699,0.423076923076923,0,0
"Cabatoan","Caridad Proper","yes","yes",10,10,2011,"2012","SWM",0,3.78950368118107,"136.506607956546",877,0.423076923076923,0,0
"Cabatoan","Hicgop South","yes","yes",10,10,2011,"2012","SWM",0,6.11477685668207,"139.127392614459",651,0.423076923076923,0,0
"Cabatoan","Sitio Tugas","yes","yes",10,10,2011,"2012","SWM",0,6.97778704506868,"141.742052213441",59,0.423076923076923,0,0
"Cabatoan","Elementary School","yes","yes",10,10,2011,"2012","SWM",0,7.74042122042586,"144.077342191628",8,0.423076923076923,0,0
"Cabatoan","Sitio Lonas","yes","yes",10,10,2011,"2012","SWM",0,10.8872204466828,"145.642370589779",87,0.423076923076923,1,0
"Cabatoan","San Agustin","yes","yes",10,10,2011,"2012","SWM",0,11.4243171337323,"147.06569730581",87,0.423076923076923,0.888888888888889,0
"Cabatoan","Poroc San Flower","yes","yes",10,10,2011,"2012","SWM",0,11.9838137599975,"147.730237502816",22,0.423076923076923,1,0
"Cabatoan","Poroc Rose","yes","yes",10,10,2011,"2012","SWM",0,12.7986271025087,"150.05370656246",13,0.423076923076923,1,0
"Cabatoan","Visca","yes","yes",10,10,2011,"2012","SWM",0,13.9687512766746,"152.115016634039",0,0.423076923076923,1,0
"Cabatoan","Gabas","yes","yes",10,10,2011,"2012","SWM",0,15.9248209877409,"152.749797448597",0,0.423076923076923,0,0
"Cabatoan","Tamakin Dacot","yes","yes",10,10,2011,"2012","SWM",0,23.3884325137891,"164.514629259158",0,0.423076923076923,0,0
"Cabatoan","Haina","yes","yes",10,10,2011,"2012","SWM",0,24.5778997843548,"165.941235246517",0,0.423076923076923,0,0
"Cabatoan","Sitio Baybayon","yes","yes",10,10,2011,"2012","SWM",0,24.9105624661144,"167.637630940272",416,0.423076923076923,0,0
"Magbangon","Palanas","yes","yes",10,10,2011,"2012","SWM",0,2.41391771324467,"-39.4774350825361",177,0.459383753501401,0.289855072463768,0
"Magbangon","Wangag","yes","yes",10,10,2011,"2012","SWM",0,1.88974564473697,"-35.8825027789793",215,0.459383753501401,0.18213058419244,0
"Magbangon","Magbangon","yes","yes",10,10,2011,"2012","SWM",0,0,"-180",175,0.459383753501401,0.459383753501401,0
"Magbangon","Cabatoan","yes","yes",10,10,2011,"2012","SWM",0,0.249569604975458,"131.75288388956",400,0.459383753501401,0.423076923076923,0
"Magbangon","Caridad Cemetery","yes","yes",10,10,2011,"2012","SWM",0,3.28805912992589,"133.97101569243",1034,0.459383753501401,0,0
"Magbangon","Caridad Proper","yes","yes",10,10,2011,"2012","SWM",0,4.03826759766962,"136.212709470532",1146,0.459383753501401,0,0
"Magbangon","Hicgop South","yes","yes",10,10,2011,"2012","SWM",0,6.36236340664461,"138.838378818054",343,0.459383753501401,0,0
"Magbangon","Sitio Tugas","yes","yes",10,10,2011,"2012","SWM",0,7.22370627990875,"141.398001155871",45,0.459383753501401,0,0
"Magbangon","Elementary School","yes","yes",10,10,2011,"2012","SWM",0,7.98442483925902,"143.694255765375",12,0.459383753501401,0,0
"Magbangon","Sitio Lonas","yes","yes",10,10,2011,"2012","SWM",0,11.1296663262947,"145.333175982483",71,0.459383753501401,1,0
"Magbangon","San Agustin","yes","yes",10,10,2011,"2012","SWM",0,11.6652303956557,"146.741123954657",71,0.459383753501401,0.888888888888889,0
"Magbangon","Poroc San Flower","yes","yes",10,10,2011,"2012","SWM",0,12.2239561425182,"147.407376257321",15,0.459383753501401,1,0
"Magbangon","Poroc Rose","yes","yes",10,10,2011,"2012","SWM",0,13.0358421206636,"149.708275572539",6,0.459383753501401,1,0
"Magbangon","Visca","yes","yes",10,10,2011,"2012","SWM",0,14.2030383569093,"151.763633480506",0,0.459383753501401,1,0
"Magbangon","Gabas","yes","yes",10,10,2011,"2012","SWM",0,16.1581187484931,"152.431679745725",0,0.459383753501401,0,0
"Magbangon","Tamakin Dacot","yes","yes",10,10,2011,"2012","SWM",0,23.5988979639063,"164.185388420312",0,0.459383753501401,0,0
"Magbangon","Haina","yes","yes",10,10,2011,"2012","SWM",0,24.7849757104057,"165.61568906726",0,0.459383753501401,0,0
"Magbangon","Sitio Baybayon","yes","yes",10,10,2011,"2012","SWM",0,25.1134608596041,"167.302462553643",688,0.459383753501401,0,0
"Wangag","Palanas","yes","yes",10,10,2011,"2012","SWM",0,0.540970717463239,"-52.1084269817157",221,0.18213058419244,0.289855072463768,0
"Wangag","Wangag","yes","yes",10,10,2011,"2012","SWM",1,9.49352979660034e-05,"-180",447,0.18213058419244,0.18213058419244,0
"Wangag","Magbangon","yes","yes",10,10,2011,"2012","SWM",0,1.88974564473697,"144.115593623555",593,0.18213058419244,0.459383753501401,0
"Wangag","Cabatoan","yes","yes",10,10,2011,"2012","SWM",0,2.13420254257553,"142.678988638034",412,0.18213058419244,0.423076923076923,0
"Wangag","Caridad Cemetery","yes","yes",10,10,2011,"2012","SWM",0,5.15903752298336,"137.666291218834",680,0.18213058419244,0,0
"Wangag","Caridad Proper","yes","yes",10,10,2011,"2012","SWM",0,5.91579724335279,"138.727233000982",885,0.18213058419244,0,0
"Wangag","Hicgop South","yes","yes",10,10,2011,"2012","SWM",0,8.24594483032354,"140.04414689273",95,0.18213058419244,0,0
"Wangag","Sitio Tugas","yes","yes",10,10,2011,"2012","SWM",0,9.11177076508712,"141.959776636197",12,0.18213058419244,0,0
"Wangag","Elementary School","yes","yes",10,10,2011,"2012","SWM",0,9.87412896656161,"143.773350029366",0,0.18213058419244,0,0
"Wangag","Sitio Lonas","yes","yes",10,10,2011,"2012","SWM",0,13.0190499073661,"145.154806913092",7,0.18213058419244,1,0
"Wangag","San Agustin","yes","yes",10,10,2011,"2012","SWM",0,13.5532790749203,"146.37344326652",4,0.18213058419244,0.888888888888889,0
"Wangag","Poroc San Flower","yes","yes",10,10,2011,"2012","SWM",0,14.1110169804677,"146.964997404828",0,0.18213058419244,1,1
"Wangag","Poroc Rose","yes","yes",10,10,2011,"2012","SWM",0,14.9177755744702,"148.998892727082",4,0.18213058419244,1,0
"Wangag","Visca","yes","yes",10,10,2011,"2012","SWM",0,16.078031642585,"150.86504434047",0,0.18213058419244,1,0
"Wangag","Gabas","yes","yes",10,10,2011,"2012","SWM",0,18.0301766971931,"151.560729957888",0,0.18213058419244,0,0
"Wangag","Tamakin Dacot","yes","yes",10,10,2011,"2012","SWM",0,25.3830246400065,"162.71722980732",0,0.18213058419244,0,0
"Wangag","Haina","yes","yes",10,10,2011,"2012","SWM",0,26.5532626762551,"164.116681242477",0,0.18213058419244,0,0
"Wangag","Sitio Baybayon","yes","yes",10,10,2011,"2012","SWM",0,26.8620654279672,"165.710542824143",3334,0.18213058419244,0,0
"Palanas","Palanas","yes","yes",10,10,2011,"2012","SWM",0,0,"-180",42,0.289855072463768,0.289855072463768,0
"Palanas","Wangag","yes","yes",10,10,2011,"2012","SWM",0,0.540970717463239,"127.89083740429",239,0.289855072463768,0.18213058419244,1
"Palanas","Magbangon","yes","yes",10,10,2011,"2012","SWM",0,2.41391771324467,"140.519925907547",143,0.289855072463768,0.459383753501401,0
"Palanas","Cabatoan","yes","yes",10,10,2011,"2012","SWM",0,2.66084320590822,"139.699833540481",209,0.289855072463768,0.423076923076923,0
"Palanas","Caridad Cemetery","yes","yes",10,10,2011,"2012","SWM",0,5.6928889753735,"136.740246086986",161,0.289855072463768,0,0
"Palanas","Caridad Proper","yes","yes",10,10,2011,"2012","SWM",0,6.44791835925525,"137.821764682333",190,0.289855072463768,0,0
"Palanas","Hicgop South","yes","yes",10,10,2011,"2012","SWM",0,8.77552677067879,"139.298891180876",12,0.289855072463768,0,0
"Palanas","Sitio Tugas","yes","yes",10,10,2011,"2012","SWM",0,9.63741335627491,"141.176080305556",13,0.289855072463768,0,0
"Palanas","Elementary School","yes","yes",10,10,2011,"2012","SWM",0,10.3955120225186,"142.955283867448",1,0.289855072463768,0,0
"Palanas","Sitio Lonas","yes","yes",10,10,2011,"2012","SWM",0,13.5366192341433,"144.473289804754",0,0.289855072463768,1,0
"Palanas","San Agustin","yes","yes",10,10,2011,"2012","SWM",0,14.0674201434004,"145.672839414173",0,0.289855072463768,0.888888888888889,0
"Palanas","Poroc San Flower","yes","yes",10,10,2011,"2012","SWM",0,14.623388790225,"146.270198515109",0,0.289855072463768,1,0
"Palanas","Poroc Rose","yes","yes",10,10,2011,"2012","SWM",0,15.4237354462504,"148.272827755455",0,0.289855072463768,1,0
"Palanas","Visca","yes","yes",10,10,2011,"2012","SWM",0,16.5775204258635,"150.132753475054",0,0.289855072463768,1,0
"Palanas","Gabas","yes","yes",10,10,2011,"2012","SWM",0,18.5270048321881,"150.886670529944",0,0.289855072463768,0,0
"Palanas","Tamakin Dacot","yes","yes",10,10,2011,"2012","SWM",0,25.829348683192,"162.028834180313",0,0.289855072463768,0,0
"Palanas","Haina","yes","yes",10,10,2011,"2012","SWM",0,26.9920106136833,"163.43494059821",0,0.289855072463768,0,0
"Palanas","Sitio Baybayon","yes","yes",10,10,2011,"2012","SWM",0,27.2919430069393,"165.010908368849",1406,0.289855072463768,0,0
"Sitio Baybayon","Palanas","yes","yes",10,10,2012,"2013","SWM",0,27.2919430069393,"-14.9771111468228",409,0.0714285714285714,0.431159420289855,0
"Sitio Baybayon","Wangag","yes","yes",10,10,2012,"2013","SWM",0,26.8620654279672,"-14.2782060296302",895,0.0714285714285714,0.254295532646048,0
"Sitio Baybayon","Magbangon","yes","yes",10,10,2012,"2013","SWM",0,25.1134608596041,"-12.6881767623657",1565,0.0714285714285714,0.571008403361345,0
"Sitio Baybayon","Cabatoan","yes","yes",10,10,2012,"2013","SWM",0,24.9105624661144,"-12.3533259950069",1271,0.0714285714285714,0.5,0
"Sitio Baybayon","Caridad Cemetery","yes","yes",10,10,2012,"2013","SWM",0,22.4353813748238,"-8.05416255066788",1903,0.0714285714285714,0.375,0
"Sitio Baybayon","Caridad Proper","yes","yes",10,10,2012,"2013","SWM",0,21.7509719512898,"-7.17015584520218",2501,0.0714285714285714,1,0
"Sitio Baybayon","Hicgop South","yes","yes",10,10,2012,"2013","SWM",0,19.747308872455,"-3.83026275716895",250,0.0714285714285714,0.333333333333333,0
"Sitio Baybayon","Sitio Tugas","yes","yes",10,10,2012,"2013","SWM",0,18.8737442004117,"-3.03832588550094",167,0.0714285714285714,0,0
"Sitio Baybayon","Elementary School","yes","yes",10,10,2012,"2013","SWM",0,18.0747093449379,"-2.47504136164169",195,0.0714285714285714,0.5,0
"Sitio Baybayon","Sitio Lonas","yes","yes",10,10,2012,"2013","SWM",0,15.3556606444419,"3.07818370153677",252,0.0714285714285714,1,0
"Sitio Baybayon","San Agustin","yes","yes",10,10,2012,"2013","SWM",0,14.7598845132621,"3.4591103413323",295,0.0714285714285714,0.75,0
"Sitio Baybayon","Poroc San Flower","yes","yes",10,10,2012,"2013","SWM",0,14.2288188911802,"4.34283015108971",82,0.0714285714285714,0.909090909090909,0
"Sitio Baybayon","Poroc Rose","yes","yes",10,10,2012,"2013","SWM",0,13.2745735162831,"4.60818102920502",18,0.0714285714285714,1,0
"Sitio Baybayon","Visca","yes","yes",10,10,2012,"2013","SWM",0,12.0358563168247,"5.76720533604285",0,0.0714285714285714,1,0
"Sitio Baybayon","Gabas","yes","yes",10,10,2012,"2013","SWM",0,10.3497099508259,"10.9608345126726",0,0.0714285714285714,0,0
"Sitio Baybayon","Tamakin Dacot","yes","yes",10,10,2012,"2013","SWM",0,2.00690512091702,"27.0187627133647",0,0.0714285714285714,0.125,0
"Sitio Baybayon","Haina","yes","yes",10,10,2012,"2013","SWM",0,0.800707367317091,"52.5149944443821",5,0.0714285714285714,0.0288461538461538,0
"Sitio Baybayon","Sitio Baybayon","yes","yes",10,10,2012,"2013","SWM",0,9.49352979660034e-05,"-180",9141,0.0714285714285714,0.0714285714285714,0
"Haina","Palanas","yes","yes",10,10,2012,"2013","SWM",0,26.9920106136833,"-16.5519939286041",3,0.0288461538461538,0.431159420289855,0
"Haina","Wangag","yes","yes",10,10,2012,"2013","SWM",0,26.5532626762551,"-15.8709829187507",4,0.0288461538461538,0.254295532646048,1
"Haina","Magbangon","yes","yes",10,10,2012,"2013","SWM",0,24.7849757104057,"-14.3738666235381",3,0.0288461538461538,0.571008403361345,0
"Haina","Cabatoan","yes","yes",10,10,2012,"2013","SWM",0,24.5778997843548,"-14.0486382022808",3,0.0288461538461538,0.5,0
"Haina","Caridad Cemetery","yes","yes",10,10,2012,"2013","SWM",0,22.050106611415,"-9.87252019880261",0,0.0288461538461538,0.375,0
"Haina","Caridad Proper","yes","yes",10,10,2012,"2013","SWM",0,21.3552337005377,"-9.03121247634307",0,0.0288461538461538,1,0
"Haina","Hicgop South","yes","yes",10,10,2012,"2013","SWM",0,19.3126421844879,"-5.81486277745863",0,0.0288461538461538,0.333333333333333,0
"Haina","Sitio Tugas","yes","yes",10,10,2012,"2013","SWM",0,18.4303145606387,"-5.09870630471612",7,0.0288461538461538,0,0
"Haina","Elementary School","yes","yes",10,10,2012,"2013","SWM",0,17.625238506364,"-4.61500073361231",0,0.0288461538461538,0.5,0
"Haina","Sitio Lonas","yes","yes",10,10,2012,"2013","SWM",0,14.8456846831604,"0.721374097563766",9,0.0288461538461538,1,0
"Haina","San Agustin","yes","yes",10,10,2012,"2013","SWM",0,14.246286656046,"1.01708368931335",10,0.0288461538461538,0.75,0
"Haina","Poroc San Flower","yes","yes",10,10,2012,"2013","SWM",0,13.7061846175771,"1.83878413510768",0,0.0288461538461538,0.909090909090909,0
"Haina","Poroc Rose","yes","yes",10,10,2012,"2013","SWM",0,12.7500613492617,"1.9273434810471",1,0.0288461538461538,1,0
"Haina","Visca","yes","yes",10,10,2012,"2013","SWM",0,11.500479636222,"2.84973088471574",29,0.0288461538461538,1,0
"Haina","Gabas","yes","yes",10,10,2012,"2013","SWM",0,9.76388806466271,"7.83125570056629",0,0.0288461538461538,0,0
"Haina","Tamakin Dacot","yes","yes",10,10,2012,"2013","SWM",0,1.32935692208799,"11.9343641005458",263,0.0288461538461538,0.125,0
"Haina","Haina","yes","yes",10,10,2012,"2013","SWM",0,0,"-180",836,0.0288461538461538,0.0288461538461538,0
"Haina","Sitio Baybayon","yes","yes",10,10,2012,"2013","SWM",0,0.800707367317091,"-127.483934787312",9,0.0288461538461538,0.0714285714285714,0
"Tamakin Dacot","Palanas","yes","yes",10,10,2012,"2013","SWM",0,25.829348683192,"-17.9576264528517",0,0.125,0.431159420289855,0
"Tamakin Dacot","Wangag","yes","yes",10,10,2012,"2013","SWM",0,25.3830246400065,"-17.2699609155812",0,0.125,0.254295532646048,0
"Tamakin Dacot","Magbangon","yes","yes",10,10,2012,"2013","SWM",0,23.5988979639063,"-15.8036951405526",4,0.125,0.571008403361345,0
"Tamakin Dacot","Cabatoan","yes","yes",10,10,2012,"2013","SWM",0,23.3884325137891,"-15.4747722623127",7,0.125,0.5,0
"Tamakin Dacot","Caridad Cemetery","yes","yes",10,10,2012,"2013","SWM",0,20.820481733943,"-11.2311791119859",9,0.125,0.375,0
"Tamakin Dacot","Caridad Proper","yes","yes",10,10,2012,"2013","SWM",0,20.1183459764472,"-10.3855837140604",13,0.125,1,0
"Tamakin Dacot","Hicgop South","yes","yes",10,10,2012,"2013","SWM",0,18.0502649349819,"-7.10110507259614",11,0.125,0.333333333333333,0
"Tamakin Dacot","Sitio Tugas","yes","yes",10,10,2012,"2013","SWM",0,17.1629023372764,"-6.39855384654813",16,0.125,0,0
"Tamakin Dacot","Elementary School","yes","yes",10,10,2012,"2013","SWM",0,16.3545910610978,"-5.94148374908454",3,0.125,0.5,0
"Tamakin Dacot","Sitio Lonas","yes","yes",10,10,2012,"2013","SWM",0,13.5438241042835,"-0.372093611451793",31,0.125,1,0
"Tamakin Dacot","San Agustin","yes","yes",10,10,2012,"2013","SWM",0,12.9431079071849,"-0.0973419417561925",76,0.125,0.75,0
"Tamakin Dacot","Poroc San Flower","yes","yes",10,10,2012,"2013","SWM",0,12.3993174604494,"0.762116268366744",13,0.125,0.909090909090909,0
"Tamakin Dacot","Poroc Rose","yes","yes",10,10,2012,"2013","SWM",0,11.4429803725633,"0.77077798834675",67,0.125,1,0
"Tamakin Dacot","Visca","yes","yes",10,10,2012,"2013","SWM",0,10.1897266320616,"1.66956914752478",184,0.125,1,0
"Tamakin Dacot","Gabas","yes","yes",10,10,2012,"2013","SWM",0,8.43842668542606,"7.18575781369135",17,0.125,0,0
"Tamakin Dacot","Tamakin Dacot","yes","yes",10,10,2012,"2013","SWM",0,9.49352979660034e-05,"-180",20726,0.125,0.125,0
"Tamakin Dacot","Haina","yes","yes",10,10,2012,"2013","SWM",0,1.32935692208799,"-168.065174016184",8638,0.125,0.0288461538461538,0
"Tamakin Dacot","Sitio Baybayon","yes","yes",10,10,2012,"2013","SWM",0,2.00690512091702,"-152.979704147382",4,0.125,0.0714285714285714,0
"Gabas","Palanas","yes","yes",10,10,2012,"2013","SWM",0,18.5270048321881,"-29.0979443230389",21,0,0.431159420289855,0
"Gabas","Wangag","yes","yes",10,10,2012,"2013","SWM",0,18.0301766971931,"-28.424617748148",17,0,0.254295532646048,0
"Gabas","Magbangon","yes","yes",10,10,2012,"2013","SWM",0,16.1581187484931,"-27.5555684504161",29,0,0.571008403361345,0
"Gabas","Cabatoan","yes","yes",10,10,2012,"2013","SWM",0,15.9248209877409,"-27.2377699285666",42,0,0.5,0
"Gabas","Caridad Cemetery","yes","yes",10,10,2012,"2013","SWM",0,13.0800106975381,"-22.979120666496",47,0,0.375,0
"Gabas","Caridad Proper","yes","yes",10,10,2012,"2013","SWM",0,12.3313979398098,"-22.2960947839788",213,0,1,0
"Gabas","Hicgop South","yes","yes",10,10,2012,"2013","SWM",0,10.0841152266487,"-19.0097312733529",257,0,0.333333333333333,0
"Gabas","Sitio Tugas","yes","yes",10,10,2012,"2013","SWM",0,9.17150421430282,"-18.8696247638834",444,0,0,0
"Gabas","Elementary School","yes","yes",10,10,2012,"2013","SWM",0,8.35384165537914,"-19.1941424943148",611,0,0.5,0
"Gabas","Sitio Lonas","yes","yes",10,10,2012,"2013","SWM",0,5.29391347715393,"-12.4697922434678",4248,0,1,0
"Gabas","San Agustin","yes","yes",10,10,2012,"2013","SWM",0,4.69383486209879,"-13.2661627108708",2214,0,0.75,0
"Gabas","Poroc San Flower","yes","yes",10,10,2012,"2013","SWM",0,4.12137215375566,"-12.4756707689297",549,0,0.909090909090909,0
"Gabas","Poroc Rose","yes","yes",10,10,2012,"2013","SWM",0,3.19705081559734,"-16.3717262227435",589,0,1,0
"Gabas","Visca","yes","yes",10,10,2012,"2013","SWM",0,1.9629852193109,"-22.7139735529679",1938,0,1,0
"Gabas","Gabas","yes","yes",10,10,2012,"2013","SWM",0,0,"-180",5105,0,0,0
"Gabas","Tamakin Dacot","yes","yes",10,10,2012,"2013","SWM",0,8.43842668542606,"-172.812461391661",47,0,0.125,0
"Gabas","Haina","yes","yes",10,10,2012,"2013","SWM",0,9.76388806466271,"-172.166500970015",86,0,0.0288461538461538,0
"Gabas","Sitio Baybayon","yes","yes",10,10,2012,"2013","SWM",0,10.3497099508259,"-169.035847518264",62,0,0.0714285714285714,0
"Visca","Palanas","yes","yes",10,10,2012,"2013","SWM",0,16.5775204258635,"-29.853143900554",40,1,0.431159420289855,0
"Visca","Wangag","yes","yes",10,10,2012,"2013","SWM",0,16.078031642585,"-29.1215862553425",22,1,0.254295532646048,0
"Visca","Magbangon","yes","yes",10,10,2012,"2013","SWM",0,14.2030383569093,"-28.2248981993407",33,1,0.571008403361345,0
"Visca","Cabatoan","yes","yes",10,10,2012,"2013","SWM",0,13.9687512766746,"-27.8738343755134",25,1,0.5,0
"Visca","Caridad Cemetery","yes","yes",10,10,2012,"2013","SWM",0,11.1170499867974,"-23.0272226312018",117,1,0.375,0
"Visca","Caridad Proper","yes","yes",10,10,2012,"2013","SWM",0,10.3684742357159,"-22.2182642056389",139,1,1,0
"Visca","Hicgop South","yes","yes",10,10,2012,"2013","SWM",0,8.12617156228781,"-18.1164949652749",92,1,0.333333333333333,0
"Visca","Sitio Tugas","yes","yes",10,10,2012,"2013","SWM",0,7.21408228716616,"-17.8252011665884",314,1,0,0
"Visca","Elementary School","yes","yes",10,10,2012,"2013","SWM",0,6.39564840604425,"-18.1153563365386",410,1,0.5,0
"Visca","Sitio Lonas","yes","yes",10,10,2012,"2013","SWM",1,3.3797826959065,"-6.5370928910224",1613,1,1,0
"Visca","San Agustin","yes","yes",10,10,2012,"2013","SWM",2,2.77577160643729,"-6.59543928201651",1199,1,0.75,0
"Visca","Poroc San Flower","yes","yes",10,10,2012,"2013","SWM",0,2.21665869501555,"-3.41226826505345",232,1,0.909090909090909,0
"Visca","Poroc Rose","yes","yes",10,10,2012,"2013","SWM",0,1.26450294037349,"-6.48997735273416",154,1,1,0
"Visca","Visca","yes","yes",10,10,2012,"2013","SWM",0,0,"-180",147,1,1,1
"Visca","Gabas","yes","yes",10,10,2012,"2013","SWM",0,1.9629852193109,"157.284741081691",19,1,0,0
"Visca","Tamakin Dacot","yes","yes",10,10,2012,"2013","SWM",0,10.1897266320616,"-178.32992962654",113,1,0.125,0
"Visca","Haina","yes","yes",10,10,2012,"2013","SWM",0,11.500479636222,"-177.149304312882",108,1,0.0288461538461538,0
"Visca","Sitio Baybayon","yes","yes",10,10,2012,"2013","SWM",0,12.0358563168247,"-174.23075415076",51,1,0.0714285714285714,0
"Poroc Rose","Palanas","yes","yes",10,10,2012,"2013","SWM",0,15.4237354462504,"-31.7133062590667",75,1,0.431159420289855,0
"Poroc Rose","Wangag","yes","yes",10,10,2012,"2013","SWM",0,14.9177755744702,"-30.9879748518069",38,1,0.254295532646048,0
"Poroc Rose","Magbangon","yes","yes",10,10,2012,"2013","SWM",0,13.0358421206636,"-30.2804939143805",28,1,0.571008403361345,0
"Poroc Rose","Cabatoan","yes","yes",10,10,2012,"2013","SWM",0,12.7986271025087,"-29.9353824020529",67,1,0.5,0
"Poroc Rose","Caridad Cemetery","yes","yes",10,10,2012,"2013","SWM",0,9.9107454183565,"-25.1064675366876",21,1,0.375,0
"Poroc Rose","Caridad Proper","yes","yes",10,10,2012,"2013","SWM",0,9.15713870255119,"-24.3615559725165",77,1,1,0
"Poroc Rose","Hicgop South","yes","yes",10,10,2012,"2013","SWM",0,6.89197129622291,"-20.2343181475835",242,1,0.333333333333333,0
"Poroc Rose","Sitio Tugas","yes","yes",10,10,2012,"2013","SWM",0,5.97906582562741,"-20.2061485368591",306,1,0,0
"Poroc Rose","Elementary School","yes","yes",10,10,2012,"2013","SWM",0,5.1630036993143,"-20.9423908985746",381,1,0.5,0
"Poroc Rose","Sitio Lonas","yes","yes",10,10,2012,"2013","SWM",0,2.11528043332987,"-6.56550069165364",1563,1,1,0
"Poroc Rose","San Agustin","yes","yes",10,10,2012,"2013","SWM",0,1.51127255483946,"-6.68392270746226",753,1,0.75,0
"Poroc Rose","Poroc San Flower","yes","yes",10,10,2012,"2013","SWM",0,0.956338767353715,"0.658735665143941",333,1,0.909090909090909,0
"Poroc Rose","Poroc Rose","yes","yes",10,10,2012,"2013","SWM",0,0.000134258785931453,"-180",124,1,1,0
"Poroc Rose","Visca","yes","yes",10,10,2012,"2013","SWM",0,1.26450294037349,"173.509780169362",193,1,1,0
"Poroc Rose","Gabas","yes","yes",10,10,2012,"2013","SWM",0,3.19705081559734,"163.626745447155",10,1,0,0
"Poroc Rose","Tamakin Dacot","yes","yes",10,10,2012,"2013","SWM",0,11.4429803725633,"-179.228961981048",50,1,0.125,0
"Poroc Rose","Haina","yes","yes",10,10,2012,"2013","SWM",0,12.7500613492617,"-178.071932539181",118,1,0.0288461538461538,0
"Poroc Rose","Sitio Baybayon","yes","yes",10,10,2012,"2013","SWM",0,13.2745735162831,"-175.390018669064",69,1,0.0714285714285714,0
"Poroc San Flower","Palanas","yes","yes",10,10,2012,"2013","SWM",0,14.623388790225,"-33.7159112823071",73,0.909090909090909,0.431159420289855,0
"Poroc San Flower","Wangag","yes","yes",10,10,2012,"2013","SWM",0,14.1110169804677,"-33.0218462469133",78,0.909090909090909,0.254295532646048,0
"Poroc San Flower","Magbangon","yes","yes",10,10,2012,"2013","SWM",0,12.2239561425182,"-32.5813700584751",64,0.909090909090909,0.571008403361345,0
"Poroc San Flower","Cabatoan","yes","yes",10,10,2012,"2013","SWM",0,11.9838137599975,"-32.2588284171385",162,0.909090909090909,0.5,0
"Poroc San Flower","Caridad Cemetery","yes","yes",10,10,2012,"2013","SWM",0,9.05786494633732,"-27.7332478225088",104,0.909090909090909,0.375,0
"Poroc San Flower","Caridad Proper","yes","yes",10,10,2012,"2013","SWM",0,8.29929043854204,"-27.1512447734224",274,0.909090909090909,1,0
"Poroc San Flower","Hicgop South","yes","yes",10,10,2012,"2013","SWM",0,6.00735397943935,"-23.4855496224852",320,0.909090909090909,0.333333333333333,0
"Poroc San Flower","Sitio Tugas","yes","yes",10,10,2012,"2013","SWM",0,5.09597019923732,"-24.0345307427683",523,0.909090909090909,0,0
"Poroc San Flower","Elementary School","yes","yes",10,10,2012,"2013","SWM",0,4.28736209804195,"-25.6469826905835",634,0.909090909090909,0.5,0
"Poroc San Flower","Sitio Lonas","yes","yes",10,10,2012,"2013","SWM",2,1.17254142021535,"-12.4506400792088",2644,0.909090909090909,1,0
"Poroc San Flower","San Agustin","yes","yes",10,10,2012,"2013","SWM",1,0.575632693433525,"-18.9342857050723",1144,0.909090909090909,0.75,0
"Poroc San Flower","Poroc San Flower","yes","yes",10,10,2012,"2013","SWM",0,0,"-180",429,0.909090909090909,0.909090909090909,0
"Poroc San Flower","Poroc Rose","yes","yes",10,10,2012,"2013","SWM",1,0.956338767353715,"-179.341245665649",305,0.909090909090909,1,0
"Poroc San Flower","Visca","yes","yes",10,10,2012,"2013","SWM",0,2.21665869501555,"176.587507820709",230,0.909090909090909,1,0
"Poroc San Flower","Gabas","yes","yes",10,10,2012,"2013","SWM",0,4.12137215375566,"167.522818941867",4,0.909090909090909,0,0
"Poroc San Flower","Tamakin Dacot","yes","yes",10,10,2012,"2013","SWM",0,12.3993174604494,"-179.237605016779",71,0.909090909090909,0.125,0
"Poroc San Flower","Haina","yes","yes",10,10,2012,"2013","SWM",0,13.7061846175771,"-178.160473026502",88,0.909090909090909,0.0288461538461538,0
"Poroc San Flower","Sitio Baybayon","yes","yes",10,10,2012,"2013","SWM",0,14.2288188911802,"-175.655350264522",190,0.909090909090909,0.0714285714285714,0
"San Agustin","Palanas","yes","yes",10,10,2012,"2013","SWM",0,14.0674201434004,"-34.3135864464934",46,0.75,0.431159420289855,0
"San Agustin","Wangag","yes","yes",10,10,2012,"2013","SWM",0,13.5532790749203,"-33.6137165684789",58,0.75,0.254295532646048,0
"San Agustin","Magbangon","yes","yes",10,10,2012,"2013","SWM",0,11.6652303956557,"-33.2479387672599",44,0.75,0.571008403361345,0
"San Agustin","Cabatoan","yes","yes",10,10,2012,"2013","SWM",0,11.4243171337323,"-32.9236850697798",37,0.75,0.5,0
"San Agustin","Caridad Cemetery","yes","yes",10,10,2012,"2013","SWM",0,8.48939965705146,"-28.3273951684636",64,0.75,0.375,0
"San Agustin","Caridad Proper","yes","yes",10,10,2012,"2013","SWM",0,7.72994839109529,"-27.7609368294497",310,0.75,1,0
"San Agustin","Hicgop South","yes","yes",10,10,2012,"2013","SWM",0,5.43370927160229,"-23.967328303388",700,0.75,0.333333333333333,0
"San Agustin","Sitio Tugas","yes","yes",10,10,2012,"2013","SWM",0,4.52288186298911,"-24.6828296761555",619,0.75,0,0
"San Agustin","Elementary School","yes","yes",10,10,2012,"2013","SWM",0,3.71624288089285,"-26.6841061478308",529,0.75,0.5,0
"San Agustin","Sitio Lonas","yes","yes",10,10,2012,"2013","SWM",0,0.604019027624227,"-6.26950024707165",3669,0.75,1,0
"San Agustin","San Agustin","yes","yes",10,10,2012,"2013","SWM",0,0,"-180",1582,0.75,0.75,0
"San Agustin","Poroc San Flower","yes","yes",10,10,2012,"2013","SWM",0,0.575632693433525,"161.065396721649",344,0.75,0.909090909090909,0
"San Agustin","Poroc Rose","yes","yes",10,10,2012,"2013","SWM",0,1.51127255483946,"173.315778518004",390,0.75,1,0
"San Agustin","Visca","yes","yes",10,10,2012,"2013","SWM",0,2.77577160643729,"173.404019470076",65,0.75,1,0
"San Agustin","Gabas","yes","yes",10,10,2012,"2013","SWM",0,4.69383486209879,"166.732009613917",1,0.75,0,0
"San Agustin","Tamakin Dacot","yes","yes",10,10,2012,"2013","SWM",0,12.9431079071849,"179.902620887858",24,0.75,0.125,0
"San Agustin","Haina","yes","yes",10,10,2012,"2013","SWM",0,14.246286656046,"-178.982489081954",44,0.75,0.0288461538461538,0
"San Agustin","Sitio Baybayon","yes","yes",10,10,2012,"2013","SWM",0,14.7598845132621,"-176.53938537606",122,0.75,0.0714285714285714,0
"Sitio Lonas","Palanas","yes","yes",10,10,2012,"2013","SWM",0,13.5366192341433,"-35.5132453862819",47,1,0.431159420289855,0
"Sitio Lonas","Wangag","yes","yes",10,10,2012,"2013","SWM",0,13.0190499073661,"-34.832462417292",39,1,0.254295532646048,0
"Sitio Lonas","Magbangon","yes","yes",10,10,2012,"2013","SWM",0,11.1296663262947,"-34.6559966311117",25,1,0.571008403361345,0
"Sitio Lonas","Cabatoan","yes","yes",10,10,2012,"2013","SWM",0,10.8872204466828,"-34.3471217484341",68,1,0.5,0
"Sitio Lonas","Caridad Cemetery","yes","yes",10,10,2012,"2013","SWM",0,7.93235105602247,"-29.9636591848824",280,1,0.375,0
"Sitio Lonas","Caridad Proper","yes","yes",10,10,2012,"2013","SWM",0,7.17087278024704,"-29.5268119982012",871,1,1,0
"Sitio Lonas","Hicgop South","yes","yes",10,10,2012,"2013","SWM",0,4.86139751953595,"-26.1295307734067",4310,1,0.333333333333333,0
"Sitio Lonas","Sitio Tugas","yes","yes",10,10,2012,"2013","SWM",0,3.95401082044188,"-27.4451057808854",1326,1,0,0
"Sitio Lonas","Elementary School","yes","yes",10,10,2012,"2013","SWM",0,3.15672946924723,"-30.505058506644",1084,1,0.5,0
"Sitio Lonas","Sitio Lonas","yes","yes",10,10,2012,"2013","SWM",0,0,"-180",9968,1,1,0
"Sitio Lonas","San Agustin","yes","yes",10,10,2012,"2013","SWM",0,0.604019027624227,"173.730387615261",970,1,0.75,0
"Sitio Lonas","Poroc San Flower","yes","yes",10,10,2012,"2013","SWM",0,1.17254142021535,"167.548930156348",65,1,0.909090909090909,0
"Sitio Lonas","Poroc Rose","yes","yes",10,10,2012,"2013","SWM",0,2.11528043332987,"173.434088391511",39,1,1,0
"Sitio Lonas","Visca","yes","yes",10,10,2012,"2013","SWM",0,3.3797826959065,"173.462253716703",0,1,1,0
"Sitio Lonas","Gabas","yes","yes",10,10,2012,"2013","SWM",0,5.29391347715393,"167.528267701314",0,1,0,0
"Sitio Lonas","Tamakin Dacot","yes","yes",10,10,2012,"2013","SWM",0,13.5438241042835,"179.627757669958",0,1,0.125,0
"Sitio Lonas","Haina","yes","yes",10,10,2012,"2013","SWM",0,14.8456846831604,"-179.278310045944",0,1,0.0288461538461538,0
"Sitio Lonas","Sitio Baybayon","yes","yes",10,10,2012,"2013","SWM",0,15.3556606444419,"-176.92042309684",78,1,0.0714285714285714,0
"Elementary School","Palanas","yes","yes",10,10,2012,"2013","SWM",0,10.3955120225186,"-37.033981123292",20,0.5,0.431159420289855,0
"Elementary School","Wangag","yes","yes",10,10,2012,"2013","SWM",0,9.87412896656161,"-36.2166495438823",28,0.5,0.254295532646048,0
"Elementary School","Magbangon","yes","yes",10,10,2012,"2013","SWM",0,7.98442483925902,"-36.2976474838469",62,0.5,0.571008403361345,0
"Elementary School","Cabatoan","yes","yes",10,10,2012,"2013","SWM",0,7.74042122042586,"-35.9148809513492",110,0.5,0.5,0
"Elementary School","Caridad Cemetery","yes","yes",10,10,2012,"2013","SWM",0,4.77585415072936,"-29.6085115406954",305,0.5,0.375,0
"Elementary School","Caridad Proper","yes","yes",10,10,2012,"2013","SWM",1,4.01495979265945,"-28.7602917195455",285,0.5,1,0
"Elementary School","Hicgop South","yes","yes",10,10,2012,"2013","SWM",1,1.73052315940533,"-18.1240858579954",1081,0.5,0.333333333333333,0
"Elementary School","Sitio Tugas","yes","yes",10,10,2012,"2013","SWM",1,0.819148876610196,"-15.5622090669565",431,0.5,0,0
"Elementary School","Elementary School","yes","yes",10,10,2012,"2013","SWM",0,0,"-180",309,0.5,0.5,0
"Elementary School","Sitio Lonas","yes","yes",10,10,2012,"2013","SWM",0,3.15672946924723,"149.492209067726",359,0.5,1,0
"Elementary School","San Agustin","yes","yes",10,10,2012,"2013","SWM",0,3.71624288089285,"153.313049838672",473,0.5,0.75,0
"Elementary School","Poroc San Flower","yes","yes",10,10,2012,"2013","SWM",0,4.28736209804195,"154.349855925314",149,0.5,0.909090909090909,0
"Elementary School","Poroc Rose","yes","yes",10,10,2012,"2013","SWM",0,5.1630036993143,"159.054467662235",87,0.5,1,0
"Elementary School","Visca","yes","yes",10,10,2012,"2013","SWM",0,6.39564840604425,"161.881260889963",0,0.5,1,0
"Elementary School","Gabas","yes","yes",10,10,2012,"2013","SWM",0,8.35384165537914,"160.801188659698",1,0.5,0,0
"Elementary School","Tamakin Dacot","yes","yes",10,10,2012,"2013","SWM",0,16.3545910610978,"174.0556501822",0,0.5,0.125,0
"Elementary School","Haina","yes","yes",10,10,2012,"2013","SWM",0,17.625238506364,"175.382599762361",3,0.5,0.0288461538461538,0
"Elementary School","Sitio Baybayon","yes","yes",10,10,2012,"2013","SWM",0,18.0747093449379,"177.5236382489",190,0.5,0.0714285714285714,0
"Sitio Tugas","Palanas","yes","yes",10,10,2012,"2013","SWM",0,9.63741335627491,"-38.8135573399164",28,0,0.431159420289855,0
"Sitio Tugas","Wangag","yes","yes",10,10,2012,"2013","SWM",0,9.11177076508712,"-38.0305957776095",39,0,0.254295532646048,0
"Sitio Tugas","Magbangon","yes","yes",10,10,2012,"2013","SWM",0,7.22370627990875,"-38.5942753117353",54,0,0.571008403361345,0
"Sitio Tugas","Cabatoan","yes","yes",10,10,2012,"2013","SWM",0,6.97778704506868,"-38.2505442256343",54,0,0.5,0
"Sitio Tugas","Caridad Cemetery","yes","yes",10,10,2012,"2013","SWM",0,3.98589537085982,"-32.4639332406516",49,0,0.375,0
"Sitio Tugas","Caridad Proper","yes","yes",10,10,2012,"2013","SWM",0,3.22263263749314,"-32.0831992391972",89,0,1,0
"Sitio Tugas","Hicgop South","yes","yes",10,10,2012,"2013","SWM",0,0.912910872621498,"-20.4223272699936",224,0,0.333333333333333,0
"Sitio Tugas","Sitio Tugas","yes","yes",10,10,2012,"2013","SWM",0,9.49352979660034e-05,"-180",202,0,0,0
"Sitio Tugas","Elementary School","yes","yes",10,10,2012,"2013","SWM",0,0.819148876610196,"164.437416086408",239,0,0.5,0
"Sitio Tugas","Sitio Lonas","yes","yes",10,10,2012,"2013","SWM",0,3.95401082044188,"152.551786478208",219,0,1,0
"Sitio Tugas","San Agustin","yes","yes",10,10,2012,"2013","SWM",0,4.52288186298911,"155.31395105111",214,0,0.75,0
"Sitio Tugas","Poroc San Flower","yes","yes",10,10,2012,"2013","SWM",0,5.09597019923732,"155.961932594402",83,0,0.909090909090909,0
"Sitio Tugas","Poroc Rose","yes","yes",10,10,2012,"2013","SWM",0,5.97906582562741,"159.790334898718",66,0,1,0
"Sitio Tugas","Visca","yes","yes",10,10,2012,"2013","SWM",0,7.21408228716616,"162.171041049232",3,0,1,0
"Sitio Tugas","Gabas","yes","yes",10,10,2012,"2013","SWM",0,9.17150421430282,"161.125331238776",1,0,0,0
"Sitio Tugas","Tamakin Dacot","yes","yes",10,10,2012,"2013","SWM",0,17.1629023372764,"173.598206808502",5,0,0.125,0
"Sitio Tugas","Haina","yes","yes",10,10,2012,"2013","SWM",0,18.4303145606387,"174.898521267806",13,0,0.0288461538461538,0
"Sitio Tugas","Sitio Baybayon","yes","yes",10,10,2012,"2013","SWM",0,18.8737442004117,"176.959981230204",134,0,0.0714285714285714,0
"Hicgop South","Palanas","yes","yes",10,10,2012,"2013","SWM",0,8.77552677067879,"-40.6912884071406",71,0.333333333333333,0.431159420289855,0
"Hicgop South","Wangag","yes","yes",10,10,2012,"2013","SWM",0,8.24594483032354,"-39.9467676463533",107,0.333333333333333,0.254295532646048,0
"Hicgop South","Magbangon","yes","yes",10,10,2012,"2013","SWM",0,6.36236340664461,"-41.1544400981219",206,0.333333333333333,0.571008403361345,0
"Hicgop South","Cabatoan","yes","yes",10,10,2012,"2013","SWM",0,6.11477685668207,"-40.8657463480674",271,0.333333333333333,0.5,0
"Hicgop South","Caridad Cemetery","yes","yes",10,10,2012,"2013","SWM",0,3.09873007253886,"-35.9831021431107",474,0.333333333333333,0.375,0
"Hicgop South","Caridad Proper","yes","yes",10,10,2012,"2013","SWM",0,2.33565955110038,"-36.6079515714171",978,0.333333333333333,1,0
"Hicgop South","Hicgop South","yes","yes",10,10,2012,"2013","SWM",31,0,"-180",1313,0.333333333333333,0.333333333333333,0
"Hicgop South","Sitio Tugas","yes","yes",10,10,2012,"2013","SWM",0,0.912910872621498,"159.577128834478",783,0.333333333333333,0,0
"Hicgop South","Elementary School","yes","yes",10,10,2012,"2013","SWM",0,1.73052315940533,"161.874995444321",855,0.333333333333333,0.5,0
"Hicgop South","Sitio Lonas","yes","yes",10,10,2012,"2013","SWM",0,4.86139751953595,"153.866817279878",877,0.333333333333333,1,0
"Hicgop South","San Agustin","yes","yes",10,10,2012,"2013","SWM",0,5.43370927160229,"156.028908312674",861,0.333333333333333,0.75,0
"Hicgop South","Poroc San Flower","yes","yes",10,10,2012,"2013","SWM",0,6.00735397943935,"156.510369613042",523,0.333333333333333,0.909090909090909,0
"Hicgop South","Poroc Rose","yes","yes",10,10,2012,"2013","SWM",0,6.89197129622291,"159.761621406695",249,0.333333333333333,1,0
"Hicgop South","Visca","yes","yes",10,10,2012,"2013","SWM",0,8.12617156228781,"161.879203564268",42,0.333333333333333,1,0
"Hicgop South","Gabas","yes","yes",10,10,2012,"2013","SWM",0,10.0841152266487,"160.984680992583",46,0.333333333333333,0,0
"Hicgop South","Tamakin Dacot","yes","yes",10,10,2012,"2013","SWM",0,18.0502649349819,"172.895114351061",79,0.333333333333333,0.125,0
"Hicgop South","Haina","yes","yes",10,10,2012,"2013","SWM",0,19.3126421844879,"174.181824019566",126,0.333333333333333,0.0288461538461538,0
"Hicgop South","Sitio Baybayon","yes","yes",10,10,2012,"2013","SWM",0,19.747308872455,"176.167504075443",370,0.333333333333333,0.0714285714285714,0
"Caridad Proper","Palanas","yes","yes",10,10,2012,"2013","SWM",0,6.44791835925525,"-42.1707984423407",10,1,0.431159420289855,0
"Caridad Proper","Wangag","yes","yes",10,10,2012,"2013","SWM",0,5.91579724335279,"-41.2660653129107",25,1,0.254295532646048,0
"Caridad Proper","Magbangon","yes","yes",10,10,2012,"2013","SWM",0,4.03826759766962,"-43.7824931806984",187,1,0.571008403361345,0
"Caridad Proper","Cabatoan","yes","yes",10,10,2012,"2013","SWM",0,3.78950368118107,"-43.4889148239369",295,1,0.5,0
"Caridad Proper","Caridad Cemetery","yes","yes",10,10,2012,"2013","SWM",0,0.763632138458259,"-34.0734787702811",81,1,0.375,0
"Caridad Proper","Caridad Proper","yes","yes",10,10,2012,"2013","SWM",1,9.49352979660034e-05,"-180",272,1,1,0
"Caridad Proper","Hicgop South","yes","yes",10,10,2012,"2013","SWM",1,2.33565955110038,"143.389663863296",61,1,0.333333333333333,0
"Caridad Proper","Sitio Tugas","yes","yes",10,10,2012,"2013","SWM",0,3.22263263749314,"147.913872718048",127,1,0,0
"Caridad Proper","Elementary School","yes","yes",10,10,2012,"2013","SWM",0,4.01495979265945,"151.236405918655",27,1,0.5,0
"Caridad Proper","Sitio Lonas","yes","yes",10,10,2012,"2013","SWM",0,7.17087278024704,"150.467152942488",127,1,1,0
"Caridad Proper","San Agustin","yes","yes",10,10,2012,"2013","SWM",0,7.72994839109529,"152.232917174843",199,1,0.75,0
"Caridad Proper","Poroc San Flower","yes","yes",10,10,2012,"2013","SWM",0,8.29929043854204,"152.842292137352",33,1,0.909090909090909,0
"Caridad Proper","Poroc Rose","yes","yes",10,10,2012,"2013","SWM",0,9.15713870255119,"155.632002207554",20,1,1,0
"Caridad Proper","Visca","yes","yes",10,10,2012,"2013","SWM",0,10.3684742357159,"157.775053991255",1,1,1,0
"Caridad Proper","Gabas","yes","yes",10,10,2012,"2013","SWM",0,12.3313979398098,"157.695937923541",0,1,0,0
"Caridad Proper","Tamakin Dacot","yes","yes",10,10,2012,"2013","SWM",0,20.1183459764472,"169.608265738347",1,1,0.125,0
"Caridad Proper","Haina","yes","yes",10,10,2012,"2013","SWM",0,21.3552337005377,"170.963105985298",1,1,0.0288461538461538,0
"Caridad Proper","Sitio Baybayon","yes","yes",10,10,2012,"2013","SWM",1,21.7509719512898,"172.825243971682",191,1,0.0714285714285714,0
"Caridad Cemetery","Palanas","yes","yes",10,10,2012,"2013","SWM",0,5.6928889753735,"-43.2530495724859",20,0.375,0.431159420289855,0
"Caridad Cemetery","Wangag","yes","yes",10,10,2012,"2013","SWM",0,5.15903752298336,"-42.3277397200538",24,0.375,0.254295532646048,0
"Caridad Cemetery","Magbangon","yes","yes",10,10,2012,"2013","SWM",3,3.28805912992589,"-46.0249196157901",271,0.375,0.571008403361345,0
"Caridad Cemetery","Cabatoan","yes","yes",10,10,2012,"2013","SWM",3,3.03869204915848,"-45.8427388460445",215,0.375,0.5,0
"Caridad Cemetery","Caridad Cemetery","yes","yes",10,10,2012,"2013","SWM",0,9.49352979660034e-05,"-180",219,0.375,0.375,0
"Caridad Cemetery","Caridad Proper","yes","yes",10,10,2012,"2013","SWM",0,0.763632138458259,"145.925788206176",753,0.375,1,0
"Caridad Cemetery","Hicgop South","yes","yes",10,10,2012,"2013","SWM",0,3.09873007253886,"144.013780212461",73,0.375,0.333333333333333,0
"Caridad Cemetery","Sitio Tugas","yes","yes",10,10,2012,"2013","SWM",0,3.98589537085982,"147.532405753125",134,0.375,0,0
"Caridad Cemetery","Elementary School","yes","yes",10,10,2012,"2013","SWM",0,4.77585415072936,"150.387453273624",52,0.375,0.5,0
"Caridad Cemetery","Sitio Lonas","yes","yes",10,10,2012,"2013","SWM",0,7.93235105602247,"150.029573037347",129,0.375,1,0
"Caridad Cemetery","San Agustin","yes","yes",10,10,2012,"2013","SWM",0,8.48939965705146,"151.665726268525",164,0.375,0.75,0
"Caridad Cemetery","Poroc San Flower","yes","yes",10,10,2012,"2013","SWM",0,9.05786494633732,"152.259556601648",71,0.375,0.909090909090909,0
"Caridad Cemetery","Poroc Rose","yes","yes",10,10,2012,"2013","SWM",0,9.9107454183565,"154.886358449077",28,0.375,1,0
"Caridad Cemetery","Visca","yes","yes",10,10,2012,"2013","SWM",0,11.1170499867974,"156.965363685512",0,0.375,1,0
"Caridad Cemetery","Gabas","yes","yes",10,10,2012,"2013","SWM",0,13.0800106975381,"157.012180368359",8,0.375,0,0
"Caridad Cemetery","Tamakin Dacot","yes","yes",10,10,2012,"2013","SWM",0,20.820481733943,"168.761941653628",2,0.375,0.125,0
"Caridad Cemetery","Haina","yes","yes",10,10,2012,"2013","SWM",0,22.050106611415,"170.121070089305",1,0.375,0.0288461538461538,0
"Caridad Cemetery","Sitio Baybayon","yes","yes",10,10,2012,"2013","SWM",0,22.4353813748238,"171.940509523306",203,0.375,0.0714285714285714,0
"Cabatoan","Palanas","yes","yes",10,10,2012,"2013","SWM",0,2.66084320590822,"-40.2972072002161",55,0.5,0.431159420289855,0
"Cabatoan","Wangag","yes","yes",10,10,2012,"2013","SWM",0,2.13420254257553,"-37.3187875086943",40,0.5,0.254295532646048,0
"Cabatoan","Magbangon","yes","yes",10,10,2012,"2013","SWM",0,0.249569604975458,"-48.2467959258639",143,0.5,0.571008403361345,0
"Cabatoan","Cabatoan","yes","yes",10,10,2012,"2013","SWM",0,0,"-180",165,0.5,0.5,0
"Cabatoan","Caridad Cemetery","yes","yes",10,10,2012,"2013","SWM",0,3.03869204915848,"134.153516624325",206,0.5,0.375,0
"Cabatoan","Caridad Proper","yes","yes",10,10,2012,"2013","SWM",0,3.78950368118107,"136.506607956546",368,0.5,1,0
"Cabatoan","Hicgop South","yes","yes",10,10,2012,"2013","SWM",0,6.11477685668207,"139.127392614459",112,0.5,0.333333333333333,0
"Cabatoan","Sitio Tugas","yes","yes",10,10,2012,"2013","SWM",0,6.97778704506868,"141.742052213441",218,0.5,0,0
"Cabatoan","Elementary School","yes","yes",10,10,2012,"2013","SWM",0,7.74042122042586,"144.077342191628",190,0.5,0.5,0
"Cabatoan","Sitio Lonas","yes","yes",10,10,2012,"2013","SWM",0,10.8872204466828,"145.642370589779",129,0.5,1,0
"Cabatoan","San Agustin","yes","yes",10,10,2012,"2013","SWM",0,11.4243171337323,"147.06569730581",185,0.5,0.75,0
"Cabatoan","Poroc San Flower","yes","yes",10,10,2012,"2013","SWM",0,11.9838137599975,"147.730237502816",79,0.5,0.909090909090909,0
"Cabatoan","Poroc Rose","yes","yes",10,10,2012,"2013","SWM",0,12.7986271025087,"150.05370656246",15,0.5,1,0
"Cabatoan","Visca","yes","yes",10,10,2012,"2013","SWM",0,13.9687512766746,"152.115016634039",1,0.5,1,0
"Cabatoan","Gabas","yes","yes",10,10,2012,"2013","SWM",0,15.9248209877409,"152.749797448597",0,0.5,0,0
"Cabatoan","Tamakin Dacot","yes","yes",10,10,2012,"2013","SWM",0,23.3884325137891,"164.514629259158",4,0.5,0.125,0
"Cabatoan","Haina","yes","yes",10,10,2012,"2013","SWM",0,24.5778997843548,"165.941235246517",28,0.5,0.0288461538461538,0
"Cabatoan","Sitio Baybayon","yes","yes",10,10,2012,"2013","SWM",0,24.9105624661144,"167.637630940272",163,0.5,0.0714285714285714,0
"Magbangon","Palanas","yes","yes",10,10,2012,"2013","SWM",0,2.41391771324467,"-39.4774350825361",44,0.571008403361345,0.431159420289855,0
"Magbangon","Wangag","yes","yes",10,10,2012,"2013","SWM",0,1.88974564473697,"-35.8825027789793",76,0.571008403361345,0.254295532646048,0
"Magbangon","Magbangon","yes","yes",10,10,2012,"2013","SWM",0,0,"-180",140,0.571008403361345,0.571008403361345,1
"Magbangon","Cabatoan","yes","yes",10,10,2012,"2013","SWM",0,0.249569604975458,"131.75288388956",196,0.571008403361345,0.5,0
"Magbangon","Caridad Cemetery","yes","yes",10,10,2012,"2013","SWM",0,3.28805912992589,"133.97101569243",396,0.571008403361345,0.375,0
"Magbangon","Caridad Proper","yes","yes",10,10,2012,"2013","SWM",0,4.03826759766962,"136.212709470532",823,0.571008403361345,1,0
"Magbangon","Hicgop South","yes","yes",10,10,2012,"2013","SWM",0,6.36236340664461,"138.838378818054",155,0.571008403361345,0.333333333333333,0
"Magbangon","Sitio Tugas","yes","yes",10,10,2012,"2013","SWM",0,7.22370627990875,"141.398001155871",76,0.571008403361345,0,0
"Magbangon","Elementary School","yes","yes",10,10,2012,"2013","SWM",0,7.98442483925902,"143.694255765375",86,0.571008403361345,0.5,0
"Magbangon","Sitio Lonas","yes","yes",10,10,2012,"2013","SWM",0,11.1296663262947,"145.333175982483",110,0.571008403361345,1,0
"Magbangon","San Agustin","yes","yes",10,10,2012,"2013","SWM",0,11.6652303956557,"146.741123954657",326,0.571008403361345,0.75,0
"Magbangon","Poroc San Flower","yes","yes",10,10,2012,"2013","SWM",0,12.2239561425182,"147.407376257321",32,0.571008403361345,0.909090909090909,0
"Magbangon","Poroc Rose","yes","yes",10,10,2012,"2013","SWM",0,13.0358421206636,"149.708275572539",11,0.571008403361345,1,0
"Magbangon","Visca","yes","yes",10,10,2012,"2013","SWM",0,14.2030383569093,"151.763633480506",8,0.571008403361345,1,0
"Magbangon","Gabas","yes","yes",10,10,2012,"2013","SWM",0,16.1581187484931,"152.431679745725",0,0.571008403361345,0,0
"Magbangon","Tamakin Dacot","yes","yes",10,10,2012,"2013","SWM",0,23.5988979639063,"164.185388420312",11,0.571008403361345,0.125,0
"Magbangon","Haina","yes","yes",10,10,2012,"2013","SWM",0,24.7849757104057,"165.61568906726",36,0.571008403361345,0.0288461538461538,0
"Magbangon","Sitio Baybayon","yes","yes",10,10,2012,"2013","SWM",0,25.1134608596041,"167.302462553643",326,0.571008403361345,0.0714285714285714,0
"Wangag","Palanas","yes","yes",10,10,2012,"2013","SWM",0,0.540970717463239,"-52.1084269817157",435,0.254295532646048,0.431159420289855,0
"Wangag","Wangag","yes","yes",10,10,2012,"2013","SWM",0,9.49352979660034e-05,"-180",493,0.254295532646048,0.254295532646048,2
"Wangag","Magbangon","yes","yes",10,10,2012,"2013","SWM",0,1.88974564473697,"144.115593623555",804,0.254295532646048,0.571008403361345,0
"Wangag","Cabatoan","yes","yes",10,10,2012,"2013","SWM",0,2.13420254257553,"142.678988638034",610,0.254295532646048,0.5,0
"Wangag","Caridad Cemetery","yes","yes",10,10,2012,"2013","SWM",0,5.15903752298336,"137.666291218834",841,0.254295532646048,0.375,0
"Wangag","Caridad Proper","yes","yes",10,10,2012,"2013","SWM",0,5.91579724335279,"138.727233000982",827,0.254295532646048,1,0
"Wangag","Hicgop South","yes","yes",10,10,2012,"2013","SWM",0,8.24594483032354,"140.04414689273",236,0.254295532646048,0.333333333333333,0
"Wangag","Sitio Tugas","yes","yes",10,10,2012,"2013","SWM",0,9.11177076508712,"141.959776636197",87,0.254295532646048,0,0
"Wangag","Elementary School","yes","yes",10,10,2012,"2013","SWM",0,9.87412896656161,"143.773350029366",71,0.254295532646048,0.5,0
"Wangag","Sitio Lonas","yes","yes",10,10,2012,"2013","SWM",0,13.0190499073661,"145.154806913092",74,0.254295532646048,1,0
"Wangag","San Agustin","yes","yes",10,10,2012,"2013","SWM",0,13.5532790749203,"146.37344326652",98,0.254295532646048,0.75,0
"Wangag","Poroc San Flower","yes","yes",10,10,2012,"2013","SWM",0,14.1110169804677,"146.964997404828",16,0.254295532646048,0.909090909090909,0
"Wangag","Poroc Rose","yes","yes",10,10,2012,"2013","SWM",0,14.9177755744702,"148.998892727082",6,0.254295532646048,1,0
"Wangag","Visca","yes","yes",10,10,2012,"2013","SWM",0,16.078031642585,"150.86504434047",0,0.254295532646048,1,0
"Wangag","Gabas","yes","yes",10,10,2012,"2013","SWM",0,18.0301766971931,"151.560729957888",0,0.254295532646048,0,0
"Wangag","Tamakin Dacot","yes","yes",10,10,2012,"2013","SWM",0,25.3830246400065,"162.71722980732",0,0.254295532646048,0.125,0
"Wangag","Haina","yes","yes",10,10,2012,"2013","SWM",0,26.5532626762551,"164.116681242477",4,0.254295532646048,0.0288461538461538,0
"Wangag","Sitio Baybayon","yes","yes",10,10,2012,"2013","SWM",0,26.8620654279672,"165.710542824143",3301,0.254295532646048,0.0714285714285714,0
"Palanas","Palanas","yes","yes",10,10,2012,"2013","SWM",0,0,"-180",330,0.431159420289855,0.431159420289855,0
"Palanas","Wangag","yes","yes",10,10,2012,"2013","SWM",0,0.540970717463239,"127.89083740429",260,0.431159420289855,0.254295532646048,2
"Palanas","Magbangon","yes","yes",10,10,2012,"2013","SWM",0,2.41391771324467,"140.519925907547",538,0.431159420289855,0.571008403361345,2
"Palanas","Magbangon","yes","yes",10,10,2012,"2013","SWM",0,2.41391771324467,"140.519925907547",538,0.431159420289855,0.571008403361345,1
"Palanas","Cabatoan","yes","yes",10,10,2012,"2013","SWM",0,2.66084320590822,"139.699833540481",378,0.431159420289855,0.5,0
"Palanas","Caridad Cemetery","yes","yes",10,10,2012,"2013","SWM",0,5.6928889753735,"136.740246086986",170,0.431159420289855,0.375,0
"Palanas","Caridad Proper","yes","yes",10,10,2012,"2013","SWM",0,6.44791835925525,"137.821764682333",82,0.431159420289855,1,0
"Palanas","Hicgop South","yes","yes",10,10,2012,"2013","SWM",0,8.77552677067879,"139.298891180876",80,0.431159420289855,0.333333333333333,0
"Palanas","Sitio Tugas","yes","yes",10,10,2012,"2013","SWM",0,9.63741335627491,"141.176080305556",37,0.431159420289855,0,0
"Palanas","Elementary School","yes","yes",10,10,2012,"2013","SWM",0,10.3955120225186,"142.955283867448",0,0.431159420289855,0.5,2
"Palanas","Sitio Lonas","yes","yes",10,10,2012,"2013","SWM",0,13.5366192341433,"144.473289804754",1,0.431159420289855,1,0
"Palanas","San Agustin","yes","yes",10,10,2012,"2013","SWM",0,14.0674201434004,"145.672839414173",12,0.431159420289855,0.75,0
"Palanas","Poroc San Flower","yes","yes",10,10,2012,"2013","SWM",0,14.623388790225,"146.270198515109",0,0.431159420289855,0.909090909090909,0
"Palanas","Poroc Rose","yes","yes",10,10,2012,"2013","SWM",0,15.4237354462504,"148.272827755455",5,0.431159420289855,1,0
"Palanas","Visca","yes","yes",10,10,2012,"2013","SWM",0,16.5775204258635,"150.132753475054",0,0.431159420289855,1,0
"Palanas","Gabas","yes","yes",10,10,2012,"2013","SWM",0,18.5270048321881,"150.886670529944",0,0.431159420289855,0,0
"Palanas","Tamakin Dacot","yes","yes",10,10,2012,"2013","SWM",0,25.829348683192,"162.028834180313",0,0.431159420289855,0.125,0
"Palanas","Haina","yes","yes",10,10,2012,"2013","SWM",0,26.9920106136833,"163.43494059821",0,0.431159420289855,0.0288461538461538,0
"Palanas","Sitio Baybayon","yes","yes",10,10,2012,"2013","SWM",0,27.2919430069393,"165.010908368849",1272,0.431159420289855,0.0714285714285714,0
"Sitio Baybayon","Palanas","yes","yes",10,10,2013,"2014","SWM",0,27.2919430069393,"-14.9771111468228",470,0.148005148005148,0.446859903381642,0
"Sitio Baybayon","Wangag","yes","yes",10,10,2013,"2014","SWM",0,26.8620654279672,"-14.2782060296302",513,0.148005148005148,0.310423825887743,2
"Sitio Baybayon","Magbangon","yes","yes",10,10,2013,"2014","SWM",1,25.1134608596041,"-12.6881767623657",1993,0.148005148005148,0.621848739495798,0
"Sitio Baybayon","Cabatoan","yes","yes",10,10,2013,"2014","SWM",7,24.9105624661144,"-12.3533259950069",2030,0.148005148005148,0.525641025641026,0
"Sitio Baybayon","Caridad Cemetery","yes","yes",10,10,2013,"2014","SWM",0,22.4353813748238,"-8.05416255066788",2205,0.148005148005148,0.416666666666667,0
"Sitio Baybayon","Caridad Proper","yes","yes",10,10,2013,"2014","SWM",0,21.7509719512898,"-7.17015584520218",2483,0.148005148005148,1,0
"Sitio Baybayon","Hicgop South","yes","yes",10,10,2013,"2014","SWM",0,19.747308872455,"-3.83026275716895",246,0.148005148005148,0.314814814814815,0
"Sitio Baybayon","Sitio Tugas","yes","yes",10,10,2013,"2014","SWM",0,18.8737442004117,"-3.03832588550094",214,0.148005148005148,0,0
"Sitio Baybayon","Elementary School","yes","yes",10,10,2013,"2014","SWM",0,18.0747093449379,"-2.47504136164169",39,0.148005148005148,0.476190476190476,0
"Sitio Baybayon","Sitio Lonas","yes","yes",10,10,2013,"2014","SWM",0,15.3556606444419,"3.07818370153677",266,0.148005148005148,1,0
"Sitio Baybayon","San Agustin","yes","yes",10,10,2013,"2014","SWM",0,14.7598845132621,"3.4591103413323",598,0.148005148005148,0.740740740740741,0
"Sitio Baybayon","Poroc San Flower","yes","yes",10,10,2013,"2014","SWM",0,14.2288188911802,"4.34283015108971",87,0.148005148005148,0.848484848484849,0
"Sitio Baybayon","Poroc Rose","yes","yes",10,10,2013,"2014","SWM",0,13.2745735162831,"4.60818102920502",43,0.148005148005148,0.897435897435897,0
"Sitio Baybayon","Visca","yes","yes",10,10,2013,"2014","SWM",0,12.0358563168247,"5.76720533604285",1,0.148005148005148,0.743589743589744,0
"Sitio Baybayon","Gabas","yes","yes",10,10,2013,"2014","SWM",0,10.3497099508259,"10.9608345126726",0,0.148005148005148,0,0
"Sitio Baybayon","Tamakin Dacot","yes","yes",10,10,2013,"2014","SWM",0,2.00690512091702,"27.0187627133647",49,0.148005148005148,0.159722222222222,0
"Sitio Baybayon","Haina","yes","yes",10,10,2013,"2014","SWM",0,0.800707367317091,"52.5149944443821",25,0.148005148005148,0.0641025641025641,0
"Sitio Baybayon","Sitio Baybayon","yes","yes",10,10,2013,"2014","SWM",1,9.49352979660034e-05,"-180",6360,0.148005148005148,0.148005148005148,5
"Haina","Palanas","yes","yes",10,10,2013,"2014","SWM",0,26.9920106136833,"-16.5519939286041",0,0.0641025641025641,0.446859903381642,0
"Haina","Wangag","yes","yes",10,10,2013,"2014","SWM",0,26.5532626762551,"-15.8709829187507",4,0.0641025641025641,0.310423825887743,0
"Haina","Magbangon","yes","yes",10,10,2013,"2014","SWM",0,24.7849757104057,"-14.3738666235381",2,0.0641025641025641,0.621848739495798,0
"Haina","Cabatoan","yes","yes",10,10,2013,"2014","SWM",0,24.5778997843548,"-14.0486382022808",2,0.0641025641025641,0.525641025641026,0
"Haina","Caridad Cemetery","yes","yes",10,10,2013,"2014","SWM",0,22.050106611415,"-9.87252019880261",0,0.0641025641025641,0.416666666666667,0
"Haina","Caridad Proper","yes","yes",10,10,2013,"2014","SWM",0,21.3552337005377,"-9.03121247634307",2,0.0641025641025641,1,0
"Haina","Hicgop South","yes","yes",10,10,2013,"2014","SWM",0,19.3126421844879,"-5.81486277745863",0,0.0641025641025641,0.314814814814815,0
"Haina","Sitio Tugas","yes","yes",10,10,2013,"2014","SWM",0,18.4303145606387,"-5.09870630471612",0,0.0641025641025641,0,0
"Haina","Elementary School","yes","yes",10,10,2013,"2014","SWM",0,17.625238506364,"-4.61500073361231",0,0.0641025641025641,0.476190476190476,0
"Haina","Sitio Lonas","yes","yes",10,10,2013,"2014","SWM",0,14.8456846831604,"0.721374097563766",0,0.0641025641025641,1,0
"Haina","San Agustin","yes","yes",10,10,2013,"2014","SWM",0,14.246286656046,"1.01708368931335",3,0.0641025641025641,0.740740740740741,0
"Haina","Poroc San Flower","yes","yes",10,10,2013,"2014","SWM",0,13.7061846175771,"1.83878413510768",0,0.0641025641025641,0.848484848484849,0
"Haina","Poroc Rose","yes","yes",10,10,2013,"2014","SWM",0,12.7500613492617,"1.9273434810471",0,0.0641025641025641,0.897435897435897,0
"Haina","Visca","yes","yes",10,10,2013,"2014","SWM",0,11.500479636222,"2.84973088471574",6,0.0641025641025641,0.743589743589744,0
"Haina","Gabas","yes","yes",10,10,2013,"2014","SWM",0,9.76388806466271,"7.83125570056629",0,0.0641025641025641,0,0
"Haina","Tamakin Dacot","yes","yes",10,10,2013,"2014","SWM",2,1.32935692208799,"11.9343641005458",227,0.0641025641025641,0.159722222222222,0
"Haina","Haina","yes","yes",10,10,2013,"2014","SWM",0,0,"-180",1273,0.0641025641025641,0.0641025641025641,0
"Haina","Sitio Baybayon","yes","yes",10,10,2013,"2014","SWM",0,0.800707367317091,"-127.483934787312",43,0.0641025641025641,0.148005148005148,0
"Tamakin Dacot","Palanas","yes","yes",10,10,2013,"2014","SWM",0,25.829348683192,"-17.9576264528517",0,0.159722222222222,0.446859903381642,0
"Tamakin Dacot","Wangag","yes","yes",10,10,2013,"2014","SWM",0,25.3830246400065,"-17.2699609155812",0,0.159722222222222,0.310423825887743,0
"Tamakin Dacot","Magbangon","yes","yes",10,10,2013,"2014","SWM",0,23.5988979639063,"-15.8036951405526",1,0.159722222222222,0.621848739495798,0
"Tamakin Dacot","Cabatoan","yes","yes",10,10,2013,"2014","SWM",0,23.3884325137891,"-15.4747722623127",0,0.159722222222222,0.525641025641026,0
"Tamakin Dacot","Caridad Cemetery","yes","yes",10,10,2013,"2014","SWM",0,20.820481733943,"-11.2311791119859",0,0.159722222222222,0.416666666666667,0
"Tamakin Dacot","Caridad Proper","yes","yes",10,10,2013,"2014","SWM",0,20.1183459764472,"-10.3855837140604",0,0.159722222222222,1,0
"Tamakin Dacot","Hicgop South","yes","yes",10,10,2013,"2014","SWM",0,18.0502649349819,"-7.10110507259614",0,0.159722222222222,0.314814814814815,0
"Tamakin Dacot","Sitio Tugas","yes","yes",10,10,2013,"2014","SWM",0,17.1629023372764,"-6.39855384654813",0,0.159722222222222,0,0
"Tamakin Dacot","Elementary School","yes","yes",10,10,2013,"2014","SWM",0,16.3545910610978,"-5.94148374908454",0,0.159722222222222,0.476190476190476,0
"Tamakin Dacot","Sitio Lonas","yes","yes",10,10,2013,"2014","SWM",0,13.5438241042835,"-0.372093611451793",0,0.159722222222222,1,0
"Tamakin Dacot","San Agustin","yes","yes",10,10,2013,"2014","SWM",0,12.9431079071849,"-0.0973419417561925",2,0.159722222222222,0.740740740740741,0
"Tamakin Dacot","Poroc San Flower","yes","yes",10,10,2013,"2014","SWM",0,12.3993174604494,"0.762116268366744",0,0.159722222222222,0.848484848484849,0
"Tamakin Dacot","Poroc Rose","yes","yes",10,10,2013,"2014","SWM",0,11.4429803725633,"0.77077798834675",0,0.159722222222222,0.897435897435897,0
"Tamakin Dacot","Visca","yes","yes",10,10,2013,"2014","SWM",0,10.1897266320616,"1.66956914752478",1,0.159722222222222,0.743589743589744,0
"Tamakin Dacot","Gabas","yes","yes",10,10,2013,"2014","SWM",0,8.43842668542606,"7.18575781369135",0,0.159722222222222,0,0
"Tamakin Dacot","Tamakin Dacot","yes","yes",10,10,2013,"2014","SWM",418,9.49352979660034e-05,"-180",36728,0.159722222222222,0.159722222222222,0
"Tamakin Dacot","Haina","yes","yes",10,10,2013,"2014","SWM",0,1.32935692208799,"-168.065174016184",9161,0.159722222222222,0.0641025641025641,0
"Tamakin Dacot","Sitio Baybayon","yes","yes",10,10,2013,"2014","SWM",0,2.00690512091702,"-152.979704147382",0,0.159722222222222,0.148005148005148,0
"Gabas","Palanas","yes","yes",10,10,2013,"2014","SWM",0,18.5270048321881,"-29.0979443230389",2,0,0.446859903381642,0
"Gabas","Wangag","yes","yes",10,10,2013,"2014","SWM",0,18.0301766971931,"-28.424617748148",0,0,0.310423825887743,0
"Gabas","Magbangon","yes","yes",10,10,2013,"2014","SWM",0,16.1581187484931,"-27.5555684504161",1,0,0.621848739495798,0
"Gabas","Cabatoan","yes","yes",10,10,2013,"2014","SWM",0,15.9248209877409,"-27.2377699285666",27,0,0.525641025641026,0
"Gabas","Caridad Cemetery","yes","yes",10,10,2013,"2014","SWM",0,13.0800106975381,"-22.979120666496",12,0,0.416666666666667,0
"Gabas","Caridad Proper","yes","yes",10,10,2013,"2014","SWM",2,12.3313979398098,"-22.2960947839788",46,0,1,0
"Gabas","Hicgop South","yes","yes",10,10,2013,"2014","SWM",1,10.0841152266487,"-19.0097312733529",289,0,0.314814814814815,0
"Gabas","Sitio Tugas","yes","yes",10,10,2013,"2014","SWM",1,9.17150421430282,"-18.8696247638834",211,0,0,0
"Gabas","Elementary School","yes","yes",10,10,2013,"2014","SWM",6,8.35384165537914,"-19.1941424943148",253,0,0.476190476190476,0
"Gabas","Sitio Lonas","yes","yes",10,10,2013,"2014","SWM",16,5.29391347715393,"-12.4697922434678",2818,0,1,0
"Gabas","San Agustin","yes","yes",10,10,2013,"2014","SWM",8,4.69383486209879,"-13.2661627108708",1274,0,0.740740740740741,0
"Gabas","Poroc San Flower","yes","yes",10,10,2013,"2014","SWM",4,4.12137215375566,"-12.4756707689297",237,0,0.848484848484849,0
"Gabas","Poroc Rose","yes","yes",10,10,2013,"2014","SWM",1,3.19705081559734,"-16.3717262227435",53,0,0.897435897435897,0
"Gabas","Visca","yes","yes",10,10,2013,"2014","SWM",0,1.9629852193109,"-22.7139735529679",3809,0,0.743589743589744,0
"Gabas","Gabas","yes","yes",10,10,2013,"2014","SWM",0,0,"-180",5700,0,0,0
"Gabas","Tamakin Dacot","yes","yes",10,10,2013,"2014","SWM",0,8.43842668542606,"-172.812461391661",51,0,0.159722222222222,0
"Gabas","Haina","yes","yes",10,10,2013,"2014","SWM",0,9.76388806466271,"-172.166500970015",38,0,0.0641025641025641,0
"Gabas","Sitio Baybayon","yes","yes",10,10,2013,"2014","SWM",0,10.3497099508259,"-169.035847518264",2,0,0.148005148005148,0
"Visca","Palanas","yes","yes",10,10,2013,"2014","SWM",0,16.5775204258635,"-29.853143900554",0,0.743589743589744,0.446859903381642,0
"Visca","Wangag","yes","yes",10,10,2013,"2014","SWM",0,16.078031642585,"-29.1215862553425",0,0.743589743589744,0.310423825887743,0
"Visca","Magbangon","yes","yes",10,10,2013,"2014","SWM",0,14.2030383569093,"-28.2248981993407",0,0.743589743589744,0.621848739495798,0
"Visca","Cabatoan","yes","yes",10,10,2013,"2014","SWM",0,13.9687512766746,"-27.8738343755134",1,0.743589743589744,0.525641025641026,0
"Visca","Caridad Cemetery","yes","yes",10,10,2013,"2014","SWM",0,11.1170499867974,"-23.0272226312018",3,0.743589743589744,0.416666666666667,0
"Visca","Caridad Proper","yes","yes",10,10,2013,"2014","SWM",0,10.3684742357159,"-22.2182642056389",605,0.743589743589744,1,0
"Visca","Hicgop South","yes","yes",10,10,2013,"2014","SWM",0,8.12617156228781,"-18.1164949652749",220,0.743589743589744,0.314814814814815,0
"Visca","Sitio Tugas","yes","yes",10,10,2013,"2014","SWM",0,7.21408228716616,"-17.8252011665884",514,0.743589743589744,0,0
"Visca","Elementary School","yes","yes",10,10,2013,"2014","SWM",0,6.39564840604425,"-18.1153563365386",386,0.743589743589744,0.476190476190476,0
"Visca","Sitio Lonas","yes","yes",10,10,2013,"2014","SWM",0,3.3797826959065,"-6.5370928910224",1816,0.743589743589744,1,0
"Visca","San Agustin","yes","yes",10,10,2013,"2014","SWM",1,2.77577160643729,"-6.59543928201651",1125,0.743589743589744,0.740740740740741,0
"Visca","Poroc San Flower","yes","yes",10,10,2013,"2014","SWM",0,2.21665869501555,"-3.41226826505345",253,0.743589743589744,0.848484848484849,0
"Visca","Poroc Rose","yes","yes",10,10,2013,"2014","SWM",0,1.26450294037349,"-6.48997735273416",256,0.743589743589744,0.897435897435897,0
"Visca","Visca","yes","yes",10,10,2013,"2014","SWM",0,0,"-180",34,0.743589743589744,0.743589743589744,0
"Visca","Gabas","yes","yes",10,10,2013,"2014","SWM",0,1.9629852193109,"157.284741081691",6,0.743589743589744,0,0
"Visca","Tamakin Dacot","yes","yes",10,10,2013,"2014","SWM",0,10.1897266320616,"-178.32992962654",15,0.743589743589744,0.159722222222222,0
"Visca","Haina","yes","yes",10,10,2013,"2014","SWM",0,11.500479636222,"-177.149304312882",62,0.743589743589744,0.0641025641025641,0
"Visca","Sitio Baybayon","yes","yes",10,10,2013,"2014","SWM",0,12.0358563168247,"-174.23075415076",0,0.743589743589744,0.148005148005148,0
"Poroc Rose","Palanas","yes","yes",10,10,2013,"2014","SWM",0,15.4237354462504,"-31.7133062590667",0,0.897435897435897,0.446859903381642,0
"Poroc Rose","Wangag","yes","yes",10,10,2013,"2014","SWM",0,14.9177755744702,"-30.9879748518069",0,0.897435897435897,0.310423825887743,0
"Poroc Rose","Magbangon","yes","yes",10,10,2013,"2014","SWM",0,13.0358421206636,"-30.2804939143805",3,0.897435897435897,0.621848739495798,0
"Poroc Rose","Cabatoan","yes","yes",10,10,2013,"2014","SWM",0,12.7986271025087,"-29.9353824020529",16,0.897435897435897,0.525641025641026,0
"Poroc Rose","Caridad Cemetery","yes","yes",10,10,2013,"2014","SWM",0,9.9107454183565,"-25.1064675366876",124,0.897435897435897,0.416666666666667,0
"Poroc Rose","Caridad Proper","yes","yes",10,10,2013,"2014","SWM",0,9.15713870255119,"-24.3615559725165",521,0.897435897435897,1,0
"Poroc Rose","Hicgop South","yes","yes",10,10,2013,"2014","SWM",0,6.89197129622291,"-20.2343181475835",314,0.897435897435897,0.314814814814815,0
"Poroc Rose","Sitio Tugas","yes","yes",10,10,2013,"2014","SWM",0,5.97906582562741,"-20.2061485368591",324,0.897435897435897,0,0
"Poroc Rose","Elementary School","yes","yes",10,10,2013,"2014","SWM",0,5.1630036993143,"-20.9423908985746",236,0.897435897435897,0.476190476190476,0
"Poroc Rose","Sitio Lonas","yes","yes",10,10,2013,"2014","SWM",3,2.11528043332987,"-6.56550069165364",1456,0.897435897435897,1,0
"Poroc Rose","San Agustin","yes","yes",10,10,2013,"2014","SWM",5,1.51127255483946,"-6.68392270746226",701,0.897435897435897,0.740740740740741,0
"Poroc Rose","Poroc San Flower","yes","yes",10,10,2013,"2014","SWM",11,0.956338767353715,"0.658735665143941",295,0.897435897435897,0.848484848484849,0
"Poroc Rose","Poroc Rose","yes","yes",10,10,2013,"2014","SWM",0,0.000134258785931453,"-180",360,0.897435897435897,0.897435897435897,0
"Poroc Rose","Visca","yes","yes",10,10,2013,"2014","SWM",0,1.26450294037349,"173.509780169362",386,0.897435897435897,0.743589743589744,0
"Poroc Rose","Gabas","yes","yes",10,10,2013,"2014","SWM",0,3.19705081559734,"163.626745447155",0,0.897435897435897,0,0
"Poroc Rose","Tamakin Dacot","yes","yes",10,10,2013,"2014","SWM",0,11.4429803725633,"-179.228961981048",23,0.897435897435897,0.159722222222222,0
"Poroc Rose","Haina","yes","yes",10,10,2013,"2014","SWM",0,12.7500613492617,"-178.071932539181",31,0.897435897435897,0.0641025641025641,0
"Poroc Rose","Sitio Baybayon","yes","yes",10,10,2013,"2014","SWM",0,13.2745735162831,"-175.390018669064",3,0.897435897435897,0.148005148005148,0
"Poroc San Flower","Palanas","yes","yes",10,10,2013,"2014","SWM",0,14.623388790225,"-33.7159112823071",0,0.848484848484849,0.446859903381642,0
"Poroc San Flower","Wangag","yes","yes",10,10,2013,"2014","SWM",0,14.1110169804677,"-33.0218462469133",0,0.848484848484849,0.310423825887743,0
"Poroc San Flower","Magbangon","yes","yes",10,10,2013,"2014","SWM",0,12.2239561425182,"-32.5813700584751",0,0.848484848484849,0.621848739495798,0
"Poroc San Flower","Cabatoan","yes","yes",10,10,2013,"2014","SWM",0,11.9838137599975,"-32.2588284171385",0,0.848484848484849,0.525641025641026,0
"Poroc San Flower","Caridad Cemetery","yes","yes",10,10,2013,"2014","SWM",0,9.05786494633732,"-27.7332478225088",50,0.848484848484849,0.416666666666667,0
"Poroc San Flower","Caridad Proper","yes","yes",10,10,2013,"2014","SWM",0,8.29929043854204,"-27.1512447734224",266,0.848484848484849,1,0
"Poroc San Flower","Hicgop South","yes","yes",10,10,2013,"2014","SWM",0,6.00735397943935,"-23.4855496224852",199,0.848484848484849,0.314814814814815,0
"Poroc San Flower","Sitio Tugas","yes","yes",10,10,2013,"2014","SWM",0,5.09597019923732,"-24.0345307427683",425,0.848484848484849,0,0
"Poroc San Flower","Elementary School","yes","yes",10,10,2013,"2014","SWM",0,4.28736209804195,"-25.6469826905835",546,0.848484848484849,0.476190476190476,0
"Poroc San Flower","Sitio Lonas","yes","yes",10,10,2013,"2014","SWM",0,1.17254142021535,"-12.4506400792088",2617,0.848484848484849,1,0
"Poroc San Flower","San Agustin","yes","yes",10,10,2013,"2014","SWM",5,0.575632693433525,"-18.9342857050723",2161,0.848484848484849,0.740740740740741,0
"Poroc San Flower","Poroc San Flower","yes","yes",10,10,2013,"2014","SWM",0,0,"-180",362,0.848484848484849,0.848484848484849,0
"Poroc San Flower","Poroc Rose","yes","yes",10,10,2013,"2014","SWM",0,0.956338767353715,"-179.341245665649",281,0.848484848484849,0.897435897435897,0
"Poroc San Flower","Visca","yes","yes",10,10,2013,"2014","SWM",0,2.21665869501555,"176.587507820709",70,0.848484848484849,0.743589743589744,0
"Poroc San Flower","Gabas","yes","yes",10,10,2013,"2014","SWM",0,4.12137215375566,"167.522818941867",0,0.848484848484849,0,0
"Poroc San Flower","Tamakin Dacot","yes","yes",10,10,2013,"2014","SWM",0,12.3993174604494,"-179.237605016779",3,0.848484848484849,0.159722222222222,0
"Poroc San Flower","Haina","yes","yes",10,10,2013,"2014","SWM",0,13.7061846175771,"-178.160473026502",47,0.848484848484849,0.0641025641025641,0
"Poroc San Flower","Sitio Baybayon","yes","yes",10,10,2013,"2014","SWM",0,14.2288188911802,"-175.655350264522",3,0.848484848484849,0.148005148005148,0
"San Agustin","Palanas","yes","yes",10,10,2013,"2014","SWM",0,14.0674201434004,"-34.3135864464934",0,0.740740740740741,0.446859903381642,0
"San Agustin","Wangag","yes","yes",10,10,2013,"2014","SWM",0,13.5532790749203,"-33.6137165684789",0,0.740740740740741,0.310423825887743,0
"San Agustin","Magbangon","yes","yes",10,10,2013,"2014","SWM",0,11.6652303956557,"-33.2479387672599",3,0.740740740740741,0.621848739495798,0
"San Agustin","Cabatoan","yes","yes",10,10,2013,"2014","SWM",0,11.4243171337323,"-32.9236850697798",10,0.740740740740741,0.525641025641026,0
"San Agustin","Caridad Cemetery","yes","yes",10,10,2013,"2014","SWM",0,8.48939965705146,"-28.3273951684636",23,0.740740740740741,0.416666666666667,0
"San Agustin","Caridad Proper","yes","yes",10,10,2013,"2014","SWM",0,7.72994839109529,"-27.7609368294497",261,0.740740740740741,1,0
"San Agustin","Hicgop South","yes","yes",10,10,2013,"2014","SWM",0,5.43370927160229,"-23.967328303388",371,0.740740740740741,0.314814814814815,0
"San Agustin","Sitio Tugas","yes","yes",10,10,2013,"2014","SWM",0,4.52288186298911,"-24.6828296761555",395,0.740740740740741,0,0
"San Agustin","Elementary School","yes","yes",10,10,2013,"2014","SWM",0,3.71624288089285,"-26.6841061478308",345,0.740740740740741,0.476190476190476,0
"San Agustin","Sitio Lonas","yes","yes",10,10,2013,"2014","SWM",0,0.604019027624227,"-6.26950024707165",2425,0.740740740740741,1,0
"San Agustin","San Agustin","yes","yes",10,10,2013,"2014","SWM",0,0,"-180",1384,0.740740740740741,0.740740740740741,0
"San Agustin","Poroc San Flower","yes","yes",10,10,2013,"2014","SWM",0,0.575632693433525,"161.065396721649",147,0.740740740740741,0.848484848484849,0
"San Agustin","Poroc Rose","yes","yes",10,10,2013,"2014","SWM",0,1.51127255483946,"173.315778518004",291,0.740740740740741,0.897435897435897,0
"San Agustin","Visca","yes","yes",10,10,2013,"2014","SWM",0,2.77577160643729,"173.404019470076",1,0.740740740740741,0.743589743589744,0
"San Agustin","Gabas","yes","yes",10,10,2013,"2014","SWM",0,4.69383486209879,"166.732009613917",0,0.740740740740741,0,0
"San Agustin","Tamakin Dacot","yes","yes",10,10,2013,"2014","SWM",0,12.9431079071849,"179.902620887858",12,0.740740740740741,0.159722222222222,0
"San Agustin","Haina","yes","yes",10,10,2013,"2014","SWM",0,14.246286656046,"-178.982489081954",37,0.740740740740741,0.0641025641025641,0
"San Agustin","Sitio Baybayon","yes","yes",10,10,2013,"2014","SWM",0,14.7598845132621,"-176.53938537606",1,0.740740740740741,0.148005148005148,0
"Sitio Lonas","Palanas","yes","yes",10,10,2013,"2014","SWM",0,13.5366192341433,"-35.5132453862819",0,1,0.446859903381642,0
"Sitio Lonas","Wangag","yes","yes",10,10,2013,"2014","SWM",0,13.0190499073661,"-34.832462417292",0,1,0.310423825887743,0
"Sitio Lonas","Magbangon","yes","yes",10,10,2013,"2014","SWM",0,11.1296663262947,"-34.6559966311117",10,1,0.621848739495798,0
"Sitio Lonas","Cabatoan","yes","yes",10,10,2013,"2014","SWM",0,10.8872204466828,"-34.3471217484341",14,1,0.525641025641026,0
"Sitio Lonas","Caridad Cemetery","yes","yes",10,10,2013,"2014","SWM",0,7.93235105602247,"-29.9636591848824",18,1,0.416666666666667,0
"Sitio Lonas","Caridad Proper","yes","yes",10,10,2013,"2014","SWM",0,7.17087278024704,"-29.5268119982012",145,1,1,0
"Sitio Lonas","Hicgop South","yes","yes",10,10,2013,"2014","SWM",0,4.86139751953595,"-26.1295307734067",1871,1,0.314814814814815,0
"Sitio Lonas","Sitio Tugas","yes","yes",10,10,2013,"2014","SWM",0,3.95401082044188,"-27.4451057808854",1294,1,0,0
"Sitio Lonas","Elementary School","yes","yes",10,10,2013,"2014","SWM",0,3.15672946924723,"-30.505058506644",1055,1,0.476190476190476,0
"Sitio Lonas","Sitio Lonas","yes","yes",10,10,2013,"2014","SWM",0,0,"-180",7219,1,1,0
"Sitio Lonas","San Agustin","yes","yes",10,10,2013,"2014","SWM",1,0.604019027624227,"173.730387615261",1718,1,0.740740740740741,0
"Sitio Lonas","Poroc San Flower","yes","yes",10,10,2013,"2014","SWM",0,1.17254142021535,"167.548930156348",62,1,0.848484848484849,0
"Sitio Lonas","Poroc Rose","yes","yes",10,10,2013,"2014","SWM",0,2.11528043332987,"173.434088391511",6,1,0.897435897435897,0
"Sitio Lonas","Visca","yes","yes",10,10,2013,"2014","SWM",0,3.3797826959065,"173.462253716703",0,1,0.743589743589744,0
"Sitio Lonas","Gabas","yes","yes",10,10,2013,"2014","SWM",0,5.29391347715393,"167.528267701314",0,1,0,0
"Sitio Lonas","Tamakin Dacot","yes","yes",10,10,2013,"2014","SWM",0,13.5438241042835,"179.627757669958",0,1,0.159722222222222,0
"Sitio Lonas","Haina","yes","yes",10,10,2013,"2014","SWM",0,14.8456846831604,"-179.278310045944",0,1,0.0641025641025641,0
"Sitio Lonas","Sitio Baybayon","yes","yes",10,10,2013,"2014","SWM",0,15.3556606444419,"-176.92042309684",0,1,0.148005148005148,0
"Elementary School","Palanas","yes","yes",10,10,2013,"2014","SWM",0,10.3955120225186,"-37.033981123292",37,0.476190476190476,0.446859903381642,0
"Elementary School","Wangag","yes","yes",10,10,2013,"2014","SWM",0,9.87412896656161,"-36.2166495438823",36,0.476190476190476,0.310423825887743,0
"Elementary School","Magbangon","yes","yes",10,10,2013,"2014","SWM",0,7.98442483925902,"-36.2976474838469",128,0.476190476190476,0.621848739495798,0
"Elementary School","Cabatoan","yes","yes",10,10,2013,"2014","SWM",0,7.74042122042586,"-35.9148809513492",152,0.476190476190476,0.525641025641026,0
"Elementary School","Caridad Cemetery","yes","yes",10,10,2013,"2014","SWM",0,4.77585415072936,"-29.6085115406954",244,0.476190476190476,0.416666666666667,0
"Elementary School","Caridad Proper","yes","yes",10,10,2013,"2014","SWM",0,4.01495979265945,"-28.7602917195455",708,0.476190476190476,1,0
"Elementary School","Hicgop South","yes","yes",10,10,2013,"2014","SWM",0,1.73052315940533,"-18.1240858579954",1215,0.476190476190476,0.314814814814815,0
"Elementary School","Sitio Tugas","yes","yes",10,10,2013,"2014","SWM",0,0.819148876610196,"-15.5622090669565",758,0.476190476190476,0,0
"Elementary School","Elementary School","yes","yes",10,10,2013,"2014","SWM",0,0,"-180",749,0.476190476190476,0.476190476190476,0
"Elementary School","Sitio Lonas","yes","yes",10,10,2013,"2014","SWM",0,3.15672946924723,"149.492209067726",110,0.476190476190476,1,0
"Elementary School","San Agustin","yes","yes",10,10,2013,"2014","SWM",0,3.71624288089285,"153.313049838672",189,0.476190476190476,0.740740740740741,0
"Elementary School","Poroc San Flower","yes","yes",10,10,2013,"2014","SWM",0,4.28736209804195,"154.349855925314",67,0.476190476190476,0.848484848484849,0
"Elementary School","Poroc Rose","yes","yes",10,10,2013,"2014","SWM",0,5.1630036993143,"159.054467662235",55,0.476190476190476,0.897435897435897,0
"Elementary School","Visca","yes","yes",10,10,2013,"2014","SWM",0,6.39564840604425,"161.881260889963",2,0.476190476190476,0.743589743589744,0
"Elementary School","Gabas","yes","yes",10,10,2013,"2014","SWM",0,8.35384165537914,"160.801188659698",0,0.476190476190476,0,0
"Elementary School","Tamakin Dacot","yes","yes",10,10,2013,"2014","SWM",0,16.3545910610978,"174.0556501822",8,0.476190476190476,0.159722222222222,0
"Elementary School","Haina","yes","yes",10,10,2013,"2014","SWM",0,17.625238506364,"175.382599762361",31,0.476190476190476,0.0641025641025641,0
"Elementary School","Sitio Baybayon","yes","yes",10,10,2013,"2014","SWM",0,18.0747093449379,"177.5236382489",147,0.476190476190476,0.148005148005148,0
"Sitio Tugas","Palanas","yes","yes",10,10,2013,"2014","SWM",0,9.63741335627491,"-38.8135573399164",13,0,0.446859903381642,0
"Sitio Tugas","Wangag","yes","yes",10,10,2013,"2014","SWM",0,9.11177076508712,"-38.0305957776095",26,0,0.310423825887743,0
"Sitio Tugas","Magbangon","yes","yes",10,10,2013,"2014","SWM",0,7.22370627990875,"-38.5942753117353",123,0,0.621848739495798,0
"Sitio Tugas","Cabatoan","yes","yes",10,10,2013,"2014","SWM",0,6.97778704506868,"-38.2505442256343",185,0,0.525641025641026,0
"Sitio Tugas","Caridad Cemetery","yes","yes",10,10,2013,"2014","SWM",0,3.98589537085982,"-32.4639332406516",95,0,0.416666666666667,0
"Sitio Tugas","Caridad Proper","yes","yes",10,10,2013,"2014","SWM",0,3.22263263749314,"-32.0831992391972",254,0,1,0
"Sitio Tugas","Hicgop South","yes","yes",10,10,2013,"2014","SWM",0,0.912910872621498,"-20.4223272699936",161,0,0.314814814814815,0
"Sitio Tugas","Sitio Tugas","yes","yes",10,10,2013,"2014","SWM",0,9.49352979660034e-05,"-180",94,0,0,0
"Sitio Tugas","Elementary School","yes","yes",10,10,2013,"2014","SWM",0,0.819148876610196,"164.437416086408",223,0,0.476190476190476,0
"Sitio Tugas","Sitio Lonas","yes","yes",10,10,2013,"2014","SWM",0,3.95401082044188,"152.551786478208",324,0,1,0
"Sitio Tugas","San Agustin","yes","yes",10,10,2013,"2014","SWM",0,4.52288186298911,"155.31395105111",448,0,0.740740740740741,0
"Sitio Tugas","Poroc San Flower","yes","yes",10,10,2013,"2014","SWM",0,5.09597019923732,"155.961932594402",145,0,0.848484848484849,0
"Sitio Tugas","Poroc Rose","yes","yes",10,10,2013,"2014","SWM",0,5.97906582562741,"159.790334898718",89,0,0.897435897435897,0
"Sitio Tugas","Visca","yes","yes",10,10,2013,"2014","SWM",0,7.21408228716616,"162.171041049232",5,0,0.743589743589744,0
"Sitio Tugas","Gabas","yes","yes",10,10,2013,"2014","SWM",0,9.17150421430282,"161.125331238776",0,0,0,0
"Sitio Tugas","Tamakin Dacot","yes","yes",10,10,2013,"2014","SWM",0,17.1629023372764,"173.598206808502",9,0,0.159722222222222,0
"Sitio Tugas","Haina","yes","yes",10,10,2013,"2014","SWM",0,18.4303145606387,"174.898521267806",37,0,0.0641025641025641,0
"Sitio Tugas","Sitio Baybayon","yes","yes",10,10,2013,"2014","SWM",0,18.8737442004117,"176.959981230204",343,0,0.148005148005148,0
"Hicgop South","Palanas","yes","yes",10,10,2013,"2014","SWM",0,8.77552677067879,"-40.6912884071406",61,0.314814814814815,0.446859903381642,0
"Hicgop South","Wangag","yes","yes",10,10,2013,"2014","SWM",0,8.24594483032354,"-39.9467676463533",104,0.314814814814815,0.310423825887743,0
"Hicgop South","Magbangon","yes","yes",10,10,2013,"2014","SWM",0,6.36236340664461,"-41.1544400981219",210,0.314814814814815,0.621848739495798,0
"Hicgop South","Cabatoan","yes","yes",10,10,2013,"2014","SWM",0,6.11477685668207,"-40.8657463480674",251,0.314814814814815,0.525641025641026,0
"Hicgop South","Caridad Cemetery","yes","yes",10,10,2013,"2014","SWM",0,3.09873007253886,"-35.9831021431107",936,0.314814814814815,0.416666666666667,0
"Hicgop South","Caridad Proper","yes","yes",10,10,2013,"2014","SWM",0,2.33565955110038,"-36.6079515714171",1110,0.314814814814815,1,0
"Hicgop South","Hicgop South","yes","yes",10,10,2013,"2014","SWM",0,0,"-180",1577,0.314814814814815,0.314814814814815,0
"Hicgop South","Sitio Tugas","yes","yes",10,10,2013,"2014","SWM",0,0.912910872621498,"159.577128834478",419,0.314814814814815,0,0
"Hicgop South","Elementary School","yes","yes",10,10,2013,"2014","SWM",0,1.73052315940533,"161.874995444321",587,0.314814814814815,0.476190476190476,0
"Hicgop South","Sitio Lonas","yes","yes",10,10,2013,"2014","SWM",0,4.86139751953595,"153.866817279878",600,0.314814814814815,1,0
"Hicgop South","San Agustin","yes","yes",10,10,2013,"2014","SWM",0,5.43370927160229,"156.028908312674",502,0.314814814814815,0.740740740740741,0
"Hicgop South","Poroc San Flower","yes","yes",10,10,2013,"2014","SWM",0,6.00735397943935,"156.510369613042",249,0.314814814814815,0.848484848484849,0
"Hicgop South","Poroc Rose","yes","yes",10,10,2013,"2014","SWM",0,6.89197129622291,"159.761621406695",251,0.314814814814815,0.897435897435897,0
"Hicgop South","Visca","yes","yes",10,10,2013,"2014","SWM",0,8.12617156228781,"161.879203564268",31,0.314814814814815,0.743589743589744,0
"Hicgop South","Gabas","yes","yes",10,10,2013,"2014","SWM",0,10.0841152266487,"160.984680992583",0,0.314814814814815,0,0
"Hicgop South","Tamakin Dacot","yes","yes",10,10,2013,"2014","SWM",0,18.0502649349819,"172.895114351061",176,0.314814814814815,0.159722222222222,0
"Hicgop South","Haina","yes","yes",10,10,2013,"2014","SWM",0,19.3126421844879,"174.181824019566",334,0.314814814814815,0.0641025641025641,0
"Hicgop South","Sitio Baybayon","yes","yes",10,10,2013,"2014","SWM",0,19.747308872455,"176.167504075443",903,0.314814814814815,0.148005148005148,0
"Caridad Proper","Palanas","yes","yes",10,10,2013,"2014","SWM",0,6.44791835925525,"-42.1707984423407",3,1,0.446859903381642,0
"Caridad Proper","Wangag","yes","yes",10,10,2013,"2014","SWM",0,5.91579724335279,"-41.2660653129107",11,1,0.310423825887743,0
"Caridad Proper","Magbangon","yes","yes",10,10,2013,"2014","SWM",0,4.03826759766962,"-43.7824931806984",44,1,0.621848739495798,0
"Caridad Proper","Cabatoan","yes","yes",10,10,2013,"2014","SWM",0,3.78950368118107,"-43.4889148239369",75,1,0.525641025641026,0
"Caridad Proper","Caridad Cemetery","yes","yes",10,10,2013,"2014","SWM",0,0.763632138458259,"-34.0734787702811",87,1,0.416666666666667,0
"Caridad Proper","Caridad Proper","yes","yes",10,10,2013,"2014","SWM",0,9.49352979660034e-05,"-180",1040,1,1,0
"Caridad Proper","Hicgop South","yes","yes",10,10,2013,"2014","SWM",0,2.33565955110038,"143.389663863296",126,1,0.314814814814815,0
"Caridad Proper","Sitio Tugas","yes","yes",10,10,2013,"2014","SWM",0,3.22263263749314,"147.913872718048",112,1,0,0
"Caridad Proper","Elementary School","yes","yes",10,10,2013,"2014","SWM",0,4.01495979265945,"151.236405918655",148,1,0.476190476190476,0
"Caridad Proper","Sitio Lonas","yes","yes",10,10,2013,"2014","SWM",0,7.17087278024704,"150.467152942488",233,1,1,0
"Caridad Proper","San Agustin","yes","yes",10,10,2013,"2014","SWM",0,7.72994839109529,"152.232917174843",176,1,0.740740740740741,0
"Caridad Proper","Poroc San Flower","yes","yes",10,10,2013,"2014","SWM",0,8.29929043854204,"152.842292137352",72,1,0.848484848484849,0
"Caridad Proper","Poroc Rose","yes","yes",10,10,2013,"2014","SWM",0,9.15713870255119,"155.632002207554",17,1,0.897435897435897,0
"Caridad Proper","Visca","yes","yes",10,10,2013,"2014","SWM",0,10.3684742357159,"157.775053991255",1,1,0.743589743589744,0
"Caridad Proper","Gabas","yes","yes",10,10,2013,"2014","SWM",0,12.3313979398098,"157.695937923541",0,1,0,0
"Caridad Proper","Tamakin Dacot","yes","yes",10,10,2013,"2014","SWM",0,20.1183459764472,"169.608265738347",3,1,0.159722222222222,0
"Caridad Proper","Haina","yes","yes",10,10,2013,"2014","SWM",0,21.3552337005377,"170.963105985298",7,1,0.0641025641025641,0
"Caridad Proper","Sitio Baybayon","yes","yes",10,10,2013,"2014","SWM",0,21.7509719512898,"172.825243971682",128,1,0.148005148005148,0
"Caridad Cemetery","Palanas","yes","yes",10,10,2013,"2014","SWM",0,5.6928889753735,"-43.2530495724859",52,0.416666666666667,0.446859903381642,0
"Caridad Cemetery","Wangag","yes","yes",10,10,2013,"2014","SWM",0,5.15903752298336,"-42.3277397200538",33,0.416666666666667,0.310423825887743,0
"Caridad Cemetery","Magbangon","yes","yes",10,10,2013,"2014","SWM",0,3.28805912992589,"-46.0249196157901",138,0.416666666666667,0.621848739495798,0
"Caridad Cemetery","Cabatoan","yes","yes",10,10,2013,"2014","SWM",0,3.03869204915848,"-45.8427388460445",241,0.416666666666667,0.525641025641026,0
"Caridad Cemetery","Caridad Cemetery","yes","yes",10,10,2013,"2014","SWM",0,9.49352979660034e-05,"-180",262,0.416666666666667,0.416666666666667,0
"Caridad Cemetery","Caridad Proper","yes","yes",10,10,2013,"2014","SWM",0,0.763632138458259,"145.925788206176",1037,0.416666666666667,1,0
"Caridad Cemetery","Hicgop South","yes","yes",10,10,2013,"2014","SWM",0,3.09873007253886,"144.013780212461",88,0.416666666666667,0.314814814814815,0
"Caridad Cemetery","Sitio Tugas","yes","yes",10,10,2013,"2014","SWM",0,3.98589537085982,"147.532405753125",134,0.416666666666667,0,0
"Caridad Cemetery","Elementary School","yes","yes",10,10,2013,"2014","SWM",0,4.77585415072936,"150.387453273624",106,0.416666666666667,0.476190476190476,0
"Caridad Cemetery","Sitio Lonas","yes","yes",10,10,2013,"2014","SWM",0,7.93235105602247,"150.029573037347",367,0.416666666666667,1,0
"Caridad Cemetery","San Agustin","yes","yes",10,10,2013,"2014","SWM",0,8.48939965705146,"151.665726268525",176,0.416666666666667,0.740740740740741,0
"Caridad Cemetery","Poroc San Flower","yes","yes",10,10,2013,"2014","SWM",0,9.05786494633732,"152.259556601648",43,0.416666666666667,0.848484848484849,0
"Caridad Cemetery","Poroc Rose","yes","yes",10,10,2013,"2014","SWM",0,9.9107454183565,"154.886358449077",40,0.416666666666667,0.897435897435897,0
"Caridad Cemetery","Visca","yes","yes",10,10,2013,"2014","SWM",0,11.1170499867974,"156.965363685512",0,0.416666666666667,0.743589743589744,0
"Caridad Cemetery","Gabas","yes","yes",10,10,2013,"2014","SWM",0,13.0800106975381,"157.012180368359",0,0.416666666666667,0,0
"Caridad Cemetery","Tamakin Dacot","yes","yes",10,10,2013,"2014","SWM",0,20.820481733943,"168.761941653628",0,0.416666666666667,0.159722222222222,0
"Caridad Cemetery","Haina","yes","yes",10,10,2013,"2014","SWM",0,22.050106611415,"170.121070089305",11,0.416666666666667,0.0641025641025641,0
"Caridad Cemetery","Sitio Baybayon","yes","yes",10,10,2013,"2014","SWM",0,22.4353813748238,"171.940509523306",342,0.416666666666667,0.148005148005148,0
"Cabatoan","Palanas","yes","yes",10,10,2013,"2014","SWM",0,2.66084320590822,"-40.2972072002161",83,0.525641025641026,0.446859903381642,0
"Cabatoan","Wangag","yes","yes",10,10,2013,"2014","SWM",0,2.13420254257553,"-37.3187875086943",117,0.525641025641026,0.310423825887743,0
"Cabatoan","Magbangon","yes","yes",10,10,2013,"2014","SWM",0,0.249569604975458,"-48.2467959258639",215,0.525641025641026,0.621848739495798,1
"Cabatoan","Cabatoan","yes","yes",10,10,2013,"2014","SWM",0,0,"-180",383,0.525641025641026,0.525641025641026,0
"Cabatoan","Caridad Cemetery","yes","yes",10,10,2013,"2014","SWM",0,3.03869204915848,"134.153516624325",227,0.525641025641026,0.416666666666667,0
"Cabatoan","Caridad Proper","yes","yes",10,10,2013,"2014","SWM",0,3.78950368118107,"136.506607956546",524,0.525641025641026,1,0
"Cabatoan","Hicgop South","yes","yes",10,10,2013,"2014","SWM",0,6.11477685668207,"139.127392614459",159,0.525641025641026,0.314814814814815,0
"Cabatoan","Sitio Tugas","yes","yes",10,10,2013,"2014","SWM",0,6.97778704506868,"141.742052213441",57,0.525641025641026,0,0
"Cabatoan","Elementary School","yes","yes",10,10,2013,"2014","SWM",0,7.74042122042586,"144.077342191628",37,0.525641025641026,0.476190476190476,0
"Cabatoan","Sitio Lonas","yes","yes",10,10,2013,"2014","SWM",0,10.8872204466828,"145.642370589779",159,0.525641025641026,1,0
"Cabatoan","San Agustin","yes","yes",10,10,2013,"2014","SWM",0,11.4243171337323,"147.06569730581",109,0.525641025641026,0.740740740740741,0
"Cabatoan","Poroc San Flower","yes","yes",10,10,2013,"2014","SWM",0,11.9838137599975,"147.730237502816",35,0.525641025641026,0.848484848484849,0
"Cabatoan","Poroc Rose","yes","yes",10,10,2013,"2014","SWM",0,12.7986271025087,"150.05370656246",43,0.525641025641026,0.897435897435897,0
"Cabatoan","Visca","yes","yes",10,10,2013,"2014","SWM",0,13.9687512766746,"152.115016634039",0,0.525641025641026,0.743589743589744,0
"Cabatoan","Gabas","yes","yes",10,10,2013,"2014","SWM",0,15.9248209877409,"152.749797448597",0,0.525641025641026,0,0
"Cabatoan","Tamakin Dacot","yes","yes",10,10,2013,"2014","SWM",0,23.3884325137891,"164.514629259158",51,0.525641025641026,0.159722222222222,0
"Cabatoan","Haina","yes","yes",10,10,2013,"2014","SWM",0,24.5778997843548,"165.941235246517",20,0.525641025641026,0.0641025641025641,0
"Cabatoan","Sitio Baybayon","yes","yes",10,10,2013,"2014","SWM",0,24.9105624661144,"167.637630940272",361,0.525641025641026,0.148005148005148,0
"Magbangon","Palanas","yes","yes",10,10,2013,"2014","SWM",0,2.41391771324467,"-39.4774350825361",151,0.621848739495798,0.446859903381642,0
"Magbangon","Wangag","yes","yes",10,10,2013,"2014","SWM",0,1.88974564473697,"-35.8825027789793",251,0.621848739495798,0.310423825887743,0
"Magbangon","Magbangon","yes","yes",10,10,2013,"2014","SWM",0,0,"-180",147,0.621848739495798,0.621848739495798,1
"Magbangon","Cabatoan","yes","yes",10,10,2013,"2014","SWM",0,0.249569604975458,"131.75288388956",163,0.621848739495798,0.525641025641026,0
"Magbangon","Caridad Cemetery","yes","yes",10,10,2013,"2014","SWM",0,3.28805912992589,"133.97101569243",432,0.621848739495798,0.416666666666667,0
"Magbangon","Caridad Proper","yes","yes",10,10,2013,"2014","SWM",0,4.03826759766962,"136.212709470532",723,0.621848739495798,1,0
"Magbangon","Hicgop South","yes","yes",10,10,2013,"2014","SWM",0,6.36236340664461,"138.838378818054",307,0.621848739495798,0.314814814814815,0
"Magbangon","Sitio Tugas","yes","yes",10,10,2013,"2014","SWM",0,7.22370627990875,"141.398001155871",114,0.621848739495798,0,0
"Magbangon","Elementary School","yes","yes",10,10,2013,"2014","SWM",0,7.98442483925902,"143.694255765375",79,0.621848739495798,0.476190476190476,0
"Magbangon","Sitio Lonas","yes","yes",10,10,2013,"2014","SWM",0,11.1296663262947,"145.333175982483",88,0.621848739495798,1,0
"Magbangon","San Agustin","yes","yes",10,10,2013,"2014","SWM",0,11.6652303956557,"146.741123954657",135,0.621848739495798,0.740740740740741,0
"Magbangon","Poroc San Flower","yes","yes",10,10,2013,"2014","SWM",0,12.2239561425182,"147.407376257321",36,0.621848739495798,0.848484848484849,0
"Magbangon","Poroc Rose","yes","yes",10,10,2013,"2014","SWM",0,13.0358421206636,"149.708275572539",24,0.621848739495798,0.897435897435897,0
"Magbangon","Visca","yes","yes",10,10,2013,"2014","SWM",0,14.2030383569093,"151.763633480506",5,0.621848739495798,0.743589743589744,0
"Magbangon","Gabas","yes","yes",10,10,2013,"2014","SWM",0,16.1581187484931,"152.431679745725",0,0.621848739495798,0,0
"Magbangon","Tamakin Dacot","yes","yes",10,10,2013,"2014","SWM",0,23.5988979639063,"164.185388420312",12,0.621848739495798,0.159722222222222,0
"Magbangon","Haina","yes","yes",10,10,2013,"2014","SWM",0,24.7849757104057,"165.61568906726",10,0.621848739495798,0.0641025641025641,0
"Magbangon","Sitio Baybayon","yes","yes",10,10,2013,"2014","SWM",0,25.1134608596041,"167.302462553643",627,0.621848739495798,0.148005148005148,0
"Wangag","Palanas","yes","yes",10,10,2013,"2014","SWM",0,0.540970717463239,"-52.1084269817157",204,0.310423825887743,0.446859903381642,0
"Wangag","Wangag","yes","yes",10,10,2013,"2014","SWM",0,9.49352979660034e-05,"-180",185,0.310423825887743,0.310423825887743,0
"Wangag","Magbangon","yes","yes",10,10,2013,"2014","SWM",0,1.88974564473697,"144.115593623555",988,0.310423825887743,0.621848739495798,0
"Wangag","Cabatoan","yes","yes",10,10,2013,"2014","SWM",0,2.13420254257553,"142.678988638034",972,0.310423825887743,0.525641025641026,0
"Wangag","Caridad Cemetery","yes","yes",10,10,2013,"2014","SWM",0,5.15903752298336,"137.666291218834",629,0.310423825887743,0.416666666666667,0
"Wangag","Caridad Proper","yes","yes",10,10,2013,"2014","SWM",0,5.91579724335279,"138.727233000982",515,0.310423825887743,1,0
"Wangag","Hicgop South","yes","yes",10,10,2013,"2014","SWM",0,8.24594483032354,"140.04414689273",6,0.310423825887743,0.314814814814815,0
"Wangag","Sitio Tugas","yes","yes",10,10,2013,"2014","SWM",0,9.11177076508712,"141.959776636197",27,0.310423825887743,0,0
"Wangag","Elementary School","yes","yes",10,10,2013,"2014","SWM",0,9.87412896656161,"143.773350029366",5,0.310423825887743,0.476190476190476,0
"Wangag","Sitio Lonas","yes","yes",10,10,2013,"2014","SWM",0,13.0190499073661,"145.154806913092",45,0.310423825887743,1,0
"Wangag","San Agustin","yes","yes",10,10,2013,"2014","SWM",0,13.5532790749203,"146.37344326652",312,0.310423825887743,0.740740740740741,0
"Wangag","Poroc San Flower","yes","yes",10,10,2013,"2014","SWM",0,14.1110169804677,"146.964997404828",49,0.310423825887743,0.848484848484849,0
"Wangag","Poroc Rose","yes","yes",10,10,2013,"2014","SWM",0,14.9177755744702,"148.998892727082",41,0.310423825887743,0.897435897435897,0
"Wangag","Visca","yes","yes",10,10,2013,"2014","SWM",0,16.078031642585,"150.86504434047",0,0.310423825887743,0.743589743589744,0
"Wangag","Gabas","yes","yes",10,10,2013,"2014","SWM",0,18.0301766971931,"151.560729957888",0,0.310423825887743,0,0
"Wangag","Tamakin Dacot","yes","yes",10,10,2013,"2014","SWM",0,25.3830246400065,"162.71722980732",10,0.310423825887743,0.159722222222222,0
"Wangag","Haina","yes","yes",10,10,2013,"2014","SWM",0,26.5532626762551,"164.116681242477",11,0.310423825887743,0.0641025641025641,0
"Wangag","Sitio Baybayon","yes","yes",10,10,2013,"2014","SWM",0,26.8620654279672,"165.710542824143",3094,0.310423825887743,0.148005148005148,0
"Palanas","Palanas","yes","yes",10,10,2013,"2014","SWM",0,0,"-180",259,0.446859903381642,0.446859903381642,0
"Palanas","Wangag","yes","yes",10,10,2013,"2014","SWM",0,0.540970717463239,"127.89083740429",61,0.446859903381642,0.310423825887743,1
"Palanas","Magbangon","yes","yes",10,10,2013,"2014","SWM",0,2.41391771324467,"140.519925907547",118,0.446859903381642,0.621848739495798,0
"Palanas","Cabatoan","yes","yes",10,10,2013,"2014","SWM",0,2.66084320590822,"139.699833540481",78,0.446859903381642,0.525641025641026,0
"Palanas","Caridad Cemetery","yes","yes",10,10,2013,"2014","SWM",0,5.6928889753735,"136.740246086986",1150,0.446859903381642,0.416666666666667,0
"Palanas","Caridad Proper","yes","yes",10,10,2013,"2014","SWM",0,6.44791835925525,"137.821764682333",531,0.446859903381642,1,0
"Palanas","Hicgop South","yes","yes",10,10,2013,"2014","SWM",0,8.77552677067879,"139.298891180876",1,0.446859903381642,0.314814814814815,0
"Palanas","Sitio Tugas","yes","yes",10,10,2013,"2014","SWM",0,9.63741335627491,"141.176080305556",1,0.446859903381642,0,0
"Palanas","Elementary School","yes","yes",10,10,2013,"2014","SWM",0,10.3955120225186,"142.955283867448",1,0.446859903381642,0.476190476190476,0
"Palanas","Sitio Lonas","yes","yes",10,10,2013,"2014","SWM",0,13.5366192341433,"144.473289804754",0,0.446859903381642,1,0
"Palanas","San Agustin","yes","yes",10,10,2013,"2014","SWM",0,14.0674201434004,"145.672839414173",26,0.446859903381642,0.740740740740741,0
"Palanas","Poroc San Flower","yes","yes",10,10,2013,"2014","SWM",0,14.623388790225,"146.270198515109",1,0.446859903381642,0.848484848484849,0
"Palanas","Poroc Rose","yes","yes",10,10,2013,"2014","SWM",0,15.4237354462504,"148.272827755455",4,0.446859903381642,0.897435897435897,0
"Palanas","Visca","yes","yes",10,10,2013,"2014","SWM",0,16.5775204258635,"150.132753475054",0,0.446859903381642,0.743589743589744,0
"Palanas","Gabas","yes","yes",10,10,2013,"2014","SWM",0,18.5270048321881,"150.886670529944",0,0.446859903381642,0,0
"Palanas","Tamakin Dacot","yes","yes",10,10,2013,"2014","SWM",0,25.829348683192,"162.028834180313",0,0.446859903381642,0.159722222222222,0
"Palanas","Haina","yes","yes",10,10,2013,"2014","SWM",0,26.9920106136833,"163.43494059821",0,0.446859903381642,0.0641025641025641,0
"Palanas","Sitio Baybayon","yes","yes",10,10,2013,"2014","SWM",0,27.2919430069393,"165.010908368849",458,0.446859903381642,0.148005148005148,0
